214.295653  52.184382
213.876950  52.435067
214.047797  52.305884
214.229882  52.185568
214.143609  52.229948
213.887401  52.386371
214.167953  52.211149
213.867080  52.394681
214.176754  52.203267
214.105366  52.246263
214.044164  52.272706
214.134022  52.218574
213.786194  52.429274
214.182840  52.186340
213.759659  52.445068
214.011453  52.291758
213.706154  52.475947
213.711317  52.472588
214.192922  52.172690
213.939085  52.328906
214.170516  52.185670
213.738326  52.447706
213.735599  52.440472
214.143992  52.198185
213.922375  52.333670
214.084951  52.230324
214.072130  52.239388
214.200834  52.150234
214.097669  52.204520
214.106314  52.195135
213.915996  52.310768
213.741742  52.411083
214.081568  52.200982
214.063830  52.209227
213.938222  52.287794
213.817618  52.362039
213.739455  52.406327
213.666970  52.451407
213.757705  52.394378
214.161749  52.142436
213.727519  52.382589
213.706461  52.425644
214.027832  52.220682
213.877594  52.290097
213.930772  52.275395
213.705148  52.410887
214.137521  52.149187
213.870686  52.308609
213.796899  52.350814
