215.151837  52.785185
214.782981  53.007135
214.766386  53.015721
215.137882  52.791916
215.088532  52.821632
214.654797  53.081598
215.044383  52.848150
215.074015  52.833333
214.705187  53.050828
214.683091  53.065403
215.038822  52.825753
214.767917  53.011127
214.718500  53.039247
215.187831  52.756849
214.804410  52.987620
215.169941  52.765898
214.860733  52.950752
214.650095  53.076833
214.749641  53.000256
214.918491  52.914257
215.004919  52.862025
214.985295  52.871398
214.988743  52.856570
214.796900  52.984956
214.719330  53.031559
214.869671  52.941323
214.644976  53.074877
215.108596  52.797202
214.745329  53.013960
214.883142  52.931642
214.697300  53.043854
215.158578  52.753219
214.911432  52.913985
214.677792  53.052097
215.108031  52.792135
214.737980  53.014765
214.688756  53.043702
214.654230  53.064198
214.859725  52.941103
214.643370  53.069520
214.663301  53.057043
215.201212  52.733528
214.667774  53.054058
215.146357  52.766123
214.914747  52.905496
214.694990  53.035467
214.921135  53.086425
215.255290  52.890241
214.820177  53.146500
215.038144  53.019958
214.827181  53.144492
215.150804  52.953289
215.310227  52.858977
215.131214  52.967575
215.039053  53.022355
214.958158  53.071452
215.346257  52.840937
215.239633  52.906146
215.090053  52.995470
214.994765  53.051883
215.303987  52.868039
214.893696  53.112470
214.999045  53.050594
215.330140  52.852895
214.992865  53.054569
215.313016  52.860500
215.372920  52.828300
214.921405  53.098835
215.209115  52.927672
214.830308  53.155531
215.243392  52.911402
215.264400  52.899076
215.274842  52.893574
215.303150  52.877092
215.355926  52.846319
215.096396  53.001700
215.202161  52.939056
215.074928  53.016728
215.357511  52.848612
215.289657  52.890156
215.226631  52.926420
215.298127  52.883982
215.090078  53.009048
214.899827  53.123387
215.090595  53.012183
214.882723  53.135156
215.105837  53.003471
214.903081  53.123244
215.113453  52.999836
215.348738  52.860412
215.358410  52.854664
214.870608  53.144385
215.011157  53.061392
215.191919  52.952922
215.326492  52.875230
215.012407  53.063006
214.907005  53.124943
215.163778  52.975484
214.960880  53.098005
215.314799  52.889233
214.880231  53.149509
215.076514  53.032603
215.133607  53.001289
214.842831  53.174566
215.390878  52.852595
215.394604  52.850752
215.036868  53.065222
215.376345  52.864367
215.396762  52.852939
215.306455  52.909600
215.369535  52.873132
215.134343  53.014254
215.378485  52.868544
214.966360  53.113859
215.394713  52.854966
215.376138  52.870580
214.936853  53.132555
215.157849  53.001061
215.354607  52.885578
214.939156  53.131430
215.253422  52.942803
215.013013  53.089785
215.003778  53.095453
215.126148  53.023232
214.980710  53.109962
215.013852  53.091155
215.007226  53.095214
215.043107  53.074133
215.315830  52.911530
214.989071  53.108039
215.313656  52.914992
214.902382  53.160072
214.950251  53.130293
215.163408  53.004014
215.202880  52.983217
215.332479  52.905876
215.405338  52.862379
214.945768  53.133613
215.033922  53.077357
215.206799  52.982775
215.180427  52.995985
215.056433  53.071528
214.905339  53.161977
215.086743  53.055413
215.029285  53.085251
215.328579  52.913075
214.910212  53.164008
214.959468  53.136623
215.069344  53.072273
215.339193  52.903695
215.095917  53.056369
215.416294  52.860210
215.170432  53.013194
215.176592  53.009581
215.408403  52.871709
214.967680  53.135251
214.981115  53.127638
215.163048  53.020107
214.887679  53.181140
214.986759  53.124869
215.227106  52.983390
215.047800  53.090195
215.166090  53.020618
215.240533  52.976388
215.017366  53.108973
215.075395  53.075285
215.197860  53.002620
215.223163  52.987905
215.019583  53.106549
215.176386  53.016282
214.999607  53.121130
215.039387  53.097908
214.957775  53.134842
214.993615  53.126152
214.987549  53.129148
215.142319  53.038974
215.060939  53.087434
215.122916  53.050688
214.930785  53.159918
214.868297  53.202090
214.978694  53.138082
214.935202  53.164232
215.345480  52.921371
215.205533  53.005767
215.425651  52.873920
215.167144  53.030121
214.874912  53.199810
215.093297  53.074791
215.245533  52.984557
215.183136  53.022692
215.010697  53.124825
215.165225  53.034811
215.160935  53.038437
215.186759  53.022863
215.239121  52.992885
214.907440  53.187189
215.368193  52.916685
215.060049  53.098683
214.882270  53.205334
214.975727  53.151227
214.893071  53.198126
215.125905  53.063816
215.009874  53.133437
215.390120  52.907272
215.376919  52.916021
215.134827  53.060523
215.243316  52.998067
215.186972  53.033114
215.429235  52.888598
215.106103  53.078711
215.401283  52.904506
215.437161  52.884087
215.173425  53.041499
215.233233  53.007129
214.897252  53.206042
215.351212  52.936986
215.339037  52.943373
215.182180  53.037817
215.080314  53.099588
215.179325  53.040707
214.989485  53.152904
215.398385  52.913181
215.346192  52.944365
214.965040  53.168671
215.232395  53.014059
215.387890  52.921126
215.363550  52.933153
215.042075  53.127236
215.163507  53.055662
215.001065  53.153342
215.409446  52.911321
214.997678  53.153029
215.093766  53.099821
215.032719  53.133003
215.021969  53.144084
215.136535  53.077437
215.255283  53.006748
214.965916  53.179120
215.269014  53.000649
215.058035  53.126125
214.989712  53.161062
214.968229  53.177780
215.405539  52.921594
214.994598  53.167531
