215.499988  53.040900
215.481535  53.052499
215.368954  53.121104
215.324257  53.149175
215.224281  53.209133
215.062113  53.305127
215.316154  53.155184
215.102643  53.282143
215.169395  53.242358
215.296774  53.167392
215.322557  53.152453
215.230159  53.205161
215.275667  53.181518
215.299671  53.167357
215.266920  53.187155
215.403156  53.106087
215.353391  53.286541
215.563311  53.161015
215.491888  53.202931
215.254378  53.341503
215.518685  53.184235
215.252164  53.342106
215.502507  53.190457
215.526414  53.175141
215.531680  53.170485
215.215579  53.357317
215.678204  53.079931
215.560141  53.150474
215.393728  53.248464
215.395602  53.246992
215.316669  53.293432
215.714355  53.054917
215.701373  53.060504
215.459270  53.205133
215.570715  53.137875
215.550489  53.148645
215.464925  53.197882
215.194985  53.358635
215.715619  53.045114
215.711836  53.046483
215.695211  53.056244
215.169839  53.369204
215.441454  53.207953
215.332480  53.273561
215.457124  53.203910
215.352260  53.259394
215.511179  53.164494
215.642925  53.083224
215.321617  53.276379
215.302067  53.287664
215.467608  53.188431
215.500313  53.168496
215.356267  53.254423
215.596792  53.109811
215.344402  53.259956
215.670776  53.064399
215.426053  53.209504
215.464476  53.184910
215.519299  53.152338
215.682682  53.053729
215.516433  53.157792
215.658494  53.066049
215.427453  53.205097
215.380819  53.232555
215.681030  53.051698
215.619162  53.088608
215.447356  53.191491
215.528904  53.142712
215.500775  53.159321
215.687189  53.045705
215.217094  53.325769
215.689145  53.044463
215.689958  53.043517
215.685173  53.046081
215.161281  53.358500
215.655627  53.061473
215.207724  53.325841
215.234757  53.309757
215.254784  53.299099
215.138874  53.367549
215.227381  53.310882
215.164282  53.351355
215.653523  53.054728
215.409323  53.198839
215.267436  53.283036
215.298371  53.264781
215.508241  53.140121
215.281310  53.273790
215.160931  53.344760
215.387399  53.209190
215.309180  53.256116
215.190137  53.324679
215.401269  53.198943
215.321750  53.242605
215.163103  53.336024
215.334952  53.233556
215.573409  53.087274
215.508713  53.124119
215.336161  53.226233
215.318549  53.236228
215.537562  53.105354
215.604899  53.064798
215.488098  53.134244
215.435841  53.172787
215.648773  53.035513
215.509943  53.119004
215.482927  53.132818
215.279600  53.254080
215.294473  53.261203
215.492903  53.124061
215.625890  53.043723
215.658394  53.023908
215.380886  53.187584
215.487517  53.123193
215.279987  53.245468
215.494190  53.136968
215.653468  53.020981
215.119007  53.336904
215.321813  53.215625
215.654886  53.017456
215.476029  53.122635
215.479325  53.120605
215.463545  53.127711
215.223759  53.271111
215.526774  53.088519
215.476912  53.118085
215.298605  53.220684
215.616688  53.029869
215.416885  53.149687
215.648444  53.010088
215.450708  53.129274
215.554044  53.064725
215.630075  53.019775
215.453916  53.124444
215.123372  53.320635
215.124347  53.318632
215.122259  53.319094
215.276463  53.226764
215.598739  53.033781
215.278656  53.224796
215.578041  53.043738
215.440678  53.125747
215.378343  53.162496
215.190256  53.274101
215.285320  53.216816
215.452010  53.117287
215.129813  53.307168
215.279039  53.218965
215.475988  53.101147
215.471336  53.103703
215.424718  53.130809
215.329574  53.185895
215.113599  53.313271
215.259739  53.225275
215.539251  53.057829
215.108180  53.313765
215.452441  53.108627
215.128560  53.300975
215.536479  53.058600
215.623978  53.003783
215.451404  53.107189
215.385222  53.146025
215.462091  53.099455
215.616070  53.007381
215.275499  53.210014
215.367511  53.152928
215.624895  52.998107
215.631123  52.993218
215.256789  53.217015
215.461500  53.094667
215.234898  53.229524
215.167794  53.269221
215.442756  53.105599
215.387808  53.136410
215.333293  53.168499
215.429495  53.112120
215.612583  53.000130
215.507555  53.062813
215.480201  53.076115
215.102746  53.300719
215.490450  53.069007
215.169386  53.256490
215.102407  53.295202
215.262166  53.198862
215.332791  53.156779
215.252809  53.203306
215.443166  53.089489
215.325396  53.158662
215.252880  53.201194
215.430751  53.095346
215.449928  53.082676
215.437004  53.089612
215.499423  53.052228
215.428451  53.093751
215.549824  53.020277
215.091786  53.292866
215.081002  53.298804
215.428727  53.092468
215.594690  52.992730
215.177446  53.240779
215.349564  53.136646
215.331895  53.313800
215.206535  53.382964
215.312644  53.319943
215.454142  53.235434
215.751771  53.336024
215.867882  53.265829
215.388626  53.269252
215.248822  53.357381
215.614573  53.138831
215.581141  53.436884
215.622823  53.411993
215.876956  53.258372
