215.359908  52.975659
215.100679  53.128108
215.108764  53.125724
215.192005  53.076896
215.243852  53.046856
215.059997  53.151594
215.056344  53.156624
215.147996  53.105627
215.031825  53.174861
215.000489  53.193630
215.170065  53.093778
215.384239  52.958497
215.215573  53.068008
215.381508  52.971011
215.206096  53.076234
215.158774  53.104608
215.375872  52.976641
215.171536  53.097455
215.171437  53.100032
215.231143  53.061120
214.946139  53.234657
215.355398  52.992566
215.243410  53.059612
215.501084  52.906608
215.182154  53.098085
215.015481  53.197925
215.379569  52.982292
215.027187  53.192007
215.146487  53.116438
215.361358  52.991356
215.299973  53.031025
215.374503  52.987330
215.500192  52.911946
215.203021  53.089676
215.300485  53.032197
215.338155  53.007550
214.965836  53.225924
215.310957  53.026443
215.487787  52.920506
215.151259  53.121504
215.271776  53.047954
215.370082  52.990315
215.273629  53.050356
214.982278  53.223238
214.952001  53.241812
214.987740  53.221070
214.987551  53.222216
215.327874  53.021355
215.107239  53.152480
215.218497  53.079056
215.290938  53.045868
215.261605  53.063312
215.344369  53.014766
215.363543  53.004376
214.969661  53.238093
215.035744  53.200542
214.966422  53.243102
215.030002  53.205969
215.319719  53.034191
215.228824  53.086746
215.254202  53.071022
215.208115  53.100768
215.347870  53.017848
215.283874  53.057684
215.193622  53.113564
215.316686  53.039570
214.991703  53.234078
215.205236  53.109665
215.386683  53.002255
215.049418  53.202869
215.471682  52.952081
215.322283  53.038694
215.202514  53.106587
215.224545  53.102218
215.313327  53.050290
215.006375  53.228399
215.435879  52.978132
215.198545  53.120616
215.406450  52.998466
215.255751  53.088499
215.111525  53.175637
215.217794  53.110464
214.984353  53.252136
215.250325  53.093224
215.493155  52.951887
215.169003  53.144889
215.172357  53.144796
215.162118  53.150719
215.009451  53.241631
215.028110  53.231403
214.979282  53.260141
215.336114  53.049280
215.352364  53.039438
215.357724  53.037424
215.256253  53.098316
215.172837  53.148019
215.012409  53.244620
215.029462  53.234962
215.038765  53.229676
215.476448  52.969779
215.235653  53.113644
215.129848  53.176239
215.375069  53.030927
215.486558  52.964373
215.193074  53.138400
215.142585  53.169182
215.081595  53.207962
215.339093  53.055257
214.978861  53.268204
214.993428  53.261310
215.263924  53.102271
215.401182  53.020490
215.193045  53.145931
215.510894  52.955864
215.209943  53.136683
215.365639  53.042049
215.325811  53.068142
215.252227  53.111942
214.998823  53.263356
215.363368  53.047976
215.432750  53.008541
215.435984  53.006357
215.346693  53.060963
215.554401  52.936514
215.501899  52.963254
215.428518  53.012423
215.528117  52.953690
215.416919  53.021172
215.368703  53.050417
215.412153  53.023915
215.293206  53.094375
215.001850  53.265214
215.239649  53.128010
215.480360  52.985360
215.058848  53.236365
215.408993  53.028726
215.429378  53.015050
215.433915  53.014649
215.232919  53.135779
215.255107  53.125188
215.248413  53.130179
215.324320  53.085031
215.053261  53.250322
215.084094  53.233164
215.542244  52.959690
215.003697  53.281889
215.048501  53.251534
215.454113  53.014547
215.150270  53.196190
215.556596  52.955011
215.067944  53.247843
215.135523  53.207725
215.300955  53.106061
215.421549  53.038957
215.326039  53.096768
215.170599  53.183562
215.251404  53.141516
215.439545  53.029550
215.463778  53.015822
215.235308  53.152814
215.450374  53.024509
215.253868  53.142065
215.330831  53.097167
215.345207  53.088682
215.549653  52.966382
215.256508  53.141625
215.054159  53.262611
215.567066  52.958127
215.015823  53.286543
215.287578  53.126438
215.457035  53.026441
215.166121  53.199712
215.108092  53.234374
215.243274  53.154500
215.557610  52.966799
215.377873  53.076746
215.288087  53.130999
215.380941  53.076938
215.482500  53.016283
215.291549  53.132936
215.065660  53.268012
215.576273  52.964204
215.435249  53.049071
215.503194  53.005156
215.324397  53.108783
215.171592  53.207196
215.047206  53.281192
215.266694  53.152549
215.245217  53.167195
215.420963  53.064649
215.037247  53.293054
215.291383  53.143783
215.113527  53.249689
215.579226  52.973871
215.568866  52.978586
215.272550  53.159615
215.272842  53.161014
215.033614  53.303592
215.336603  53.124220
215.312900  53.138972
215.090641  53.270669
215.319446  53.135158
215.153713  53.235543
215.273430  53.165204
215.199340  53.209026
215.270925  53.167103
215.202528  53.210402
215.272620  53.170434
215.359327  53.116813
215.237489  53.187326
215.237356  53.193575
215.323488  53.143141
215.189003  53.218163
