215.435984  53.006357
215.554401  52.936514
215.428518  53.012423
215.528117  52.953690
215.416919  53.021172
215.412153  53.023915
215.293206  53.094375
215.001850  53.265214
215.239649  53.128010
215.058848  53.236365
215.429378  53.015050
215.433915  53.014649
215.232919  53.135779
215.324320  53.085031
215.084094  53.233164
215.542244  52.959690
215.003697  53.281889
215.048501  53.251534
215.150270  53.196190
215.556596  52.955011
215.067944  53.247843
215.135523  53.207725
215.300955  53.106061
215.421549  53.038957
215.326039  53.096768
215.170599  53.183562
215.251404  53.141516
215.439545  53.029550
215.463778  53.015822
215.235308  53.152814
215.450374  53.024509
215.330831  53.097167
215.549653  52.966382
215.256508  53.141625
215.054159  53.262611
215.567066  52.958127
215.015823  53.286543
215.108092  53.234374
215.243274  53.154500
215.557610  52.966799
215.288087  53.130999
215.380941  53.076938
215.482500  53.016283
215.065660  53.268012
215.576273  52.964204
215.435249  53.049071
215.324397  53.108783
215.171592  53.207196
215.047206  53.281192
215.266694  53.152549
215.245217  53.167195
215.113527  53.249689
215.568866  52.978586
215.272842  53.161014
215.033614  53.303592
215.336603  53.124220
215.312900  53.138972
215.090641  53.270669
215.319446  53.135158
215.273430  53.165204
215.270925  53.167103
215.202528  53.210402
215.272620  53.170434
215.237356  53.193575
215.189003  53.218163
215.499988  53.040900
215.481535  53.052499
215.368954  53.121104
215.324257  53.149175
215.062113  53.305127
215.316154  53.155184
215.102643  53.282143
215.169395  53.242358
215.296774  53.167392
215.322557  53.152453
215.299671  53.167357
215.266920  53.187155
215.403156  53.106087
215.563311  53.161015
215.254378  53.341503
215.518685  53.184235
215.252164  53.342106
215.502507  53.190457
215.526414  53.175141
215.531680  53.170485
215.678204  53.079931
215.560141  53.150474
215.393728  53.248464
215.316669  53.293432
215.714355  53.054917
215.701373  53.060504
215.459270  53.205133
215.550489  53.148645
215.464925  53.197882
215.194985  53.358635
215.169839  53.369204
215.441454  53.207953
215.352260  53.259394
215.511179  53.164494
215.642925  53.083224
215.302067  53.287664
215.344402  53.259956
215.464476  53.184910
215.519299  53.152338
215.682682  53.053729
215.658494  53.066049
215.681030  53.051698
215.447356  53.191491
215.687189  53.045705
215.217094  53.325769
215.689145  53.044463
215.689958  53.043517
215.161281  53.358500
215.655627  53.061473
215.234757  53.309757
215.138874  53.367549
215.164282  53.351355
215.653523  53.054728
215.409323  53.198839
215.267436  53.283036
215.298371  53.264781
215.508241  53.140121
215.281310  53.273790
215.160931  53.344760
215.387399  53.209190
215.309180  53.256116
215.321750  53.242605
215.163103  53.336024
215.334952  53.233556
215.508713  53.124119
215.318549  53.236228
215.537562  53.105354
215.604899  53.064798
215.488098  53.134244
215.435841  53.172787
215.648773  53.035513
215.509943  53.119004
215.482927  53.132818
215.625890  53.043723
215.658394  53.023908
215.380886  53.187584
