214.817459  53.178342
215.322048  52.874951
215.300921  52.885315
215.329315  52.865663
214.966135  53.079519
215.339920  52.853718
215.132505  52.972782
215.139128  52.966890
215.004786  53.040358
215.098292  52.982972
214.891500  53.101387
215.326511  52.839564
214.956327  53.064110
215.080339  52.987170
215.112032  52.964707
215.052922  53.002971
215.122896  52.959485
215.309412  52.844447
215.187522  52.917810
215.217560  52.899564
214.922069  53.072807
214.936902  53.065091
214.814200  53.136952
214.936361  53.060383
215.309988  52.834719
215.092716  52.963891
215.307300  52.831953
215.109161  52.951311
215.193918  52.900235
214.817041  53.126423
214.826452  53.120428
214.854265  53.104647
214.770327  53.152550
214.911378  53.069435
215.288134  52.839309
214.848047  53.103280
215.025498  52.996381
215.098257  52.951111
214.873877  53.086067
214.772909  53.148053
215.101679  52.945221
214.918687  53.035387
215.087500  52.949864
215.024919  52.986911
214.761778  53.143650
215.035252  52.980541
214.830349  53.103671
214.803113  53.118772
215.118794  52.928340
214.973500  53.015974
214.918686  53.052304
215.288064  52.824529
214.798396  53.117832
214.765506  53.135046
215.175970  52.888019
214.812984  53.104959
214.884166  53.062945
214.764290  53.133885
215.073500  52.947613
215.156064  52.896338
215.087519  52.939087
214.768377  53.129845
215.101410  52.929112
214.757821  53.133576
215.203947  52.864405
215.064081  52.948642
215.071428  52.945900
215.110390  52.918865
214.798995  53.103771
214.988722  52.990582
215.290595  52.806524
215.104483  52.917894
215.114950  52.911593
214.916261  53.030734
215.300569  52.797431
215.098249  52.917216
214.916073  53.028258
214.808728  53.091708
214.753684  53.124097
214.913867  53.028298
215.193914  52.863974
215.196418  52.856113
214.849557  53.064948
214.894708  53.035714
214.869928  53.049595
215.127783  52.892649
214.876847  53.044664
214.924351  53.013632
214.985005  52.972386
215.217092  52.838718
215.094621  52.905357
214.915976  53.012368
214.878113  53.034276
215.067936  52.919733
215.006390  52.959211
215.168594  52.857805
214.918609  53.006816
215.220438  52.823694
214.932347  52.998409
215.282346  52.788286
215.016266  52.952343
214.785797  53.083687
215.285217  52.784107
215.029592  52.936336
215.005341  52.953705
214.840235  53.049308
214.780171  53.085258
215.228124  52.815451
214.840160  53.052909
214.905242  53.005618
215.017890  52.939128
214.753020  53.098994
215.080947  52.900723
214.836348  53.046507
214.800150  53.067456
214.847097  53.037043
214.782945  53.075022
214.834818  53.042406
215.070318  52.900777
214.773818  53.075589
214.957813  52.969938
214.935265  52.982126
214.954433  52.969921
214.782782  53.071938
214.917469  52.989619
214.827974  53.042586
215.181693  52.830519
214.709156  53.110516
214.942656  52.973951
215.017823  52.924502
214.803656  53.050296
215.226716  52.792142
214.832786  53.029642
215.105354  52.865802
215.171176  52.825949
215.052745  52.896317
215.181157  52.819043
215.074780  52.882726
214.774198  53.062097
214.826223  53.028640
215.112858  52.856659
