215.217092  52.838718
215.094621  52.905357
214.915976  53.012368
214.878113  53.034276
215.282830  52.789804
215.067936  52.919733
215.006390  52.959211
215.168594  52.857805
214.876016  53.034683
214.970211  52.977234
214.736222  53.116657
214.918609  53.006816
215.024834  52.948669
215.220438  52.823694
214.932347  52.998409
215.282346  52.788286
215.016266  52.952343
214.896305  53.018477
214.785797  53.083687
215.285217  52.784107
215.029592  52.936336
215.005341  52.953705
214.840235  53.049308
214.834919  53.050815
214.780171  53.085258
215.228124  52.815451
214.840160  53.052909
215.249040  52.800589
215.245874  52.802211
214.905242  53.005618
215.272375  52.785122
214.855267  53.036506
215.017890  52.939128
214.753020  53.098994
215.080947  52.900723
215.133570  52.868363
214.836348  53.046507
214.718544  53.116299
214.752355  53.095027
214.859515  53.032518
214.800150  53.067456
214.863529  53.028067
215.070066  52.906807
215.185922  52.835007
214.835680  53.044275
214.847097  53.037043
214.782945  53.075022
214.834818  53.042406
215.070318  52.900777
214.773818  53.075589
214.803009  53.061859
214.957813  52.969938
214.935265  52.982126
214.954433  52.969921
214.784598  53.078898
214.782782  53.071938
215.172077  52.837719
214.917469  52.989619
214.827974  53.042586
215.181693  52.830519
214.709156  53.110516
214.942656  52.973951
215.017823  52.924502
215.267792  52.772891
214.988070  52.940924
214.763229  53.074906
214.803656  53.050296
215.016420  52.921931
215.226716  52.792142
214.832786  53.029642
215.105354  52.865802
215.171176  52.825949
214.910745  52.982376
215.052745  52.896317
214.750362  53.077620
215.181157  52.819043
215.074780  52.882726
214.894731  52.988063
214.774198  53.062097
214.826223  53.028640
215.197903  52.804264
215.112858  52.856659
214.929372  52.965070
215.210738  52.795952
214.790211  53.049811
215.211279  52.794086
214.715112  53.091938
214.756121  53.066904
215.195608  52.802306
214.691392  53.102331
214.779446  53.050635
214.702453  53.095509
214.938826  52.954303
214.780171  53.043144
214.758723  53.060098
215.097643  52.855598
215.143412  52.826792
215.106161  52.850351
215.046826  52.882024
215.155615  52.818383
214.745573  53.069417
214.752264  53.059253
215.104540  52.848130
215.054971  52.878978
215.239354  52.765067
214.912015  52.966155
214.952670  52.938384
214.727619  53.072844
215.125788  52.803319
215.209065  52.782272
214.734896  53.065275
214.744480  53.060062
214.967466  52.926286
214.696615  53.088641
214.818871  53.023293
214.734806  53.073372
214.790198  53.032867
214.997810  52.906777
214.786519  52.978560
215.047074  52.874852
214.776077  53.036881
214.780454  53.034077
215.137320  52.822013
214.836636  52.999861
214.712347  53.073212
215.025638  52.885597
214.758409  53.045003
215.087139  52.796626
214.862098  52.982569
215.099375  52.839023
214.704915  53.073763
214.719819  53.064216
215.201199  52.775477
215.128375  52.818823
214.957348  52.921463
214.697981  53.075458
215.018146  52.883287
215.116152  52.826618
214.925626  52.938526
214.828469  52.996958
214.877621  52.966678
215.202028  52.769661
215.108725  52.826280
215.164072  52.794162
214.833275  52.992204
214.779144  53.023099
215.072493  52.846555
214.769606  53.028250
215.188639  52.775970
215.005880  52.886107
214.829916  52.991222
215.111554  52.823291
214.894240  52.951982
215.188221  52.770653
214.682490  53.070356
214.784916  53.014073
214.829702  52.986742
214.719886  53.052269
214.925758  52.928728
214.977874  52.897045
214.689317  53.069300
214.719915  53.050919
215.157353  52.785641
214.831303  52.982846
214.702286  53.060730
215.206566  52.756591
215.135461  52.798711
215.090244  52.825502
215.165821  52.779089
214.715956  53.054774
214.979099  52.891752
215.179098  52.770806
214.744362  53.031295
214.657908  53.082792
214.692736  53.061099
215.000353  52.877974
215.020681  52.865267
215.151837  52.785185
214.782981  53.007135
214.766386  53.015721
215.137882  52.791916
214.654797  53.081598
215.074015  52.833333
214.705187  53.050828
214.683091  53.065403
215.038822  52.825753
214.804410  52.987620
215.169941  52.765898
214.860733  52.950752
214.650095  53.076833
214.749641  53.000256
214.918491  52.914257
215.004919  52.862025
214.985295  52.871398
214.988743  52.856570
214.796900  52.984956
214.869671  52.941323
214.644976  53.074877
215.108596  52.797202
214.745329  53.013960
214.883142  52.931642
214.697300  53.043854
215.158578  52.753219
214.911432  52.913985
214.677792  53.052097
214.737980  53.014765
214.688756  53.043702
214.654230  53.064198
214.859725  52.941103
214.643370  53.069520
214.663301  53.057043
215.201212  52.733528
214.667774  53.054058
