214.120626  52.349476
214.236291  52.280057
214.126293  52.341439
214.210011  52.295405
214.114060  52.354808
214.351809  52.210468
214.119491  52.351085
214.097351  52.365367
214.345609  52.214789
214.203952  52.293995
214.120671  52.352997
213.949113  52.457054
214.044475  52.399747
214.097223  52.368605
214.335943  52.221109
214.319984  52.232516
213.930978  52.469917
214.278408  52.260190
214.343892  52.220455
214.139288  52.341811
214.301709  52.247332
214.027713  52.413805
214.031971  52.413290
214.282030  52.262241
214.169960  52.330896
214.275981  52.265615
214.100453  52.373860
214.041858  52.409836
213.944358  52.469391
213.950133  52.463126
214.036545  52.415047
214.166051  52.337081
214.308857  52.250273
214.270527  52.273431
214.038476  52.415171
214.171878  52.333925
214.266139  52.275383
214.350328  52.225143
214.110666  52.371693
214.355300  52.224180
214.007821  52.435621
214.076074  52.395158
214.079261  52.393908
214.202277  52.320737
214.370180  52.218893
214.067122  52.402828
214.356867  52.226685
214.241815  52.297698
213.957658  52.468792
214.341170  52.238390
214.208740  52.319096
214.297921  52.266421
214.069528  52.405363
214.086325  52.392671
214.329847  52.245385
214.369959  52.223656
214.336624  52.244536
214.085302  52.397585
214.312604  52.259933
213.969533  52.466985
214.239544  52.302957
214.137860  52.367410
214.327858  52.251190
213.953260  52.478734
214.188953  52.336761
214.365395  52.230047
214.356723  52.235887
214.221708  52.318686
214.318963  52.260410
214.189600  52.339783
214.177665  52.342891
214.152982  52.362308
214.304686  52.272297
214.320011  52.258114
214.116759  52.386946
214.172207  52.353952
213.977591  52.472047
214.121161  52.385317
214.239606  52.314211
213.966874  52.479052
214.123803  52.384171
214.356276  52.237896
214.149231  52.370844
214.123367  52.386604
214.140200  52.376905
214.116062  52.391001
214.069861  52.420979
214.250304  52.312906
214.059110  52.429674
214.062221  52.427081
214.147533  52.377346
214.181491  52.350689
213.986454  52.476010
214.102212  52.406703
213.998539  52.468674
214.188306  52.357085
214.066038  52.431457
214.390254  52.235099
214.354089  52.257174
214.295516  52.290959
214.238002  52.329148
214.186769  52.360255
214.396558  52.232248
214.077498  52.425640
214.245570  52.323383
213.975968  52.488914
213.973670  52.489616
214.200259  52.355136
214.103898  52.413838
214.252867  52.321837
214.187870  52.363264
214.246340  52.328206
214.213938  52.347908
214.165350  52.377771
214.076444  52.431649
214.115830  52.408002
214.194661  52.360459
214.384096  52.245062
214.108439  52.412774
214.137263  52.395720
214.223260  52.342668
214.156203  52.384593
214.305738  52.294323
214.103922  52.416681
214.127541  52.402989
214.119121  52.407776
214.253475  52.327905
214.369071  52.257658
214.143811  52.393096
214.261545  52.323417
214.390720  52.243579
214.338743  52.278062
214.065647  52.442578
214.156847  52.388534
214.140102  52.399325
214.299877  52.302179
214.367456  52.260329
214.293070  52.307869
214.183234  52.371962
214.263784  52.326270
214.123029  52.411587
214.209061  52.359750
214.275024  52.319925
214.148669  52.397771
214.226304  52.351529
214.014358  52.479612
214.375003  52.262126
213.973584  52.505585
214.187128  52.376980
214.298528  52.308524
214.406311  52.243667
214.239023  52.344127
214.039873  52.469385
214.414174  52.243051
214.037264  52.471576
214.283316  52.323734
214.076065  52.449343
214.254068  52.342149
213.971505  52.512823
214.148563  52.405428
213.988925  52.502369
214.281095  52.326767
214.198648  52.378075
213.984719  52.505193
214.327221  52.299996
214.177132  52.391424
214.326397  52.301513
214.035866  52.477702
214.177550  52.390178
214.224902  52.363777
214.122412  52.426773
214.107536  52.435977
214.196316  52.381995
214.315636  52.310744
214.070537  52.459592
214.394237  52.261211
214.223970  52.367878
214.373469  52.274861
214.155783  52.409549
214.210124  52.377175
214.053266  52.472780
213.976716  52.518887
214.155276  52.412166
214.231845  52.366361
214.342519  52.299178
214.186081  52.394204
214.022602  52.492959
214.214472  52.377482
214.087087  52.454499
214.079300  52.458872
214.254292  52.354004
213.982068  52.518448
214.391264  52.270697
214.289323  52.332977
214.003600  52.503376
214.363535  52.288927
214.039140  52.487058
213.992502  52.514808
214.063062  52.473448
214.398961  52.263730
214.306378  52.328224
214.224267  52.378105
214.314117  52.320780
214.214860  52.384087
214.345300  52.300661
214.348975  52.299664
214.330271  52.314184
214.426369  52.255315
214.074963  52.469909
214.251681  52.362816
213.988680  52.522774
214.342623  52.310367
214.205877  52.393386
214.047014  52.488924
214.224023  52.383069
214.296679  52.339367
214.097910  52.456580
214.330594  52.318915
214.253223  52.366064
214.347796  52.308148
214.299320  52.336646
214.365436  52.299010
214.367331  52.297494
214.363165  52.300918
214.048676  52.491954
214.018222  52.510328
213.994556  52.524244
214.009416  52.513055
213.974826  52.532783
214.334321  52.320419
214.299649  52.342259
213.973539  52.537056
214.137820  52.441839
214.262535  52.365902
214.340208  52.319522
214.246231  52.377204
214.086213  52.473448
214.310590  52.340245
214.037791  52.503760
214.391198  52.291837
214.091622  52.471514
213.996989  52.532269
214.227173  52.393900
214.116733  52.461243
