214.509712  52.358941
214.379876  52.443291
214.334090  52.472062
214.332492  52.473358
214.146593  52.586535
214.461896  52.393225
214.149806  52.581929
214.489981  52.378940
214.424433  52.421273
214.128882  52.599227
214.145070  52.592288
214.505227  52.375964
214.485758  52.391202
214.201632  52.564382
214.509082  52.380822
214.373478  52.466518
214.184395  52.582407
214.503476  52.389279
214.122498  52.620639
214.186078  52.583322
214.509410  52.387543
214.146575  52.608960
214.186379  52.586500
214.412432  52.449525
214.474189  52.717235
214.644735  52.580027
214.505235  52.664833
214.561053  52.629509
214.377824  52.739831
214.719532  52.583296
214.517475  52.705706
214.595436  52.658118
214.382971  52.789048
214.666028  52.612540
214.764754  52.550902
214.623743  52.637612
214.710882  52.583051
214.548265  52.679089
214.706309  52.583333
214.457842  52.731127
214.713414  52.575710
214.280849  52.837569
214.696939  52.585177
214.456059  52.731524
214.683651  52.591705
214.760315  52.543478
214.478928  52.715353
214.521848  52.687198
214.422252  52.745923
214.475996  52.714128
214.569726  52.656711
214.594950  52.639316
214.684875  52.584206
214.620537  52.623471
214.312626  52.806180
214.592724  52.636985
214.537978  52.670433
214.372217  52.768282
214.266479  52.832903
214.379965  52.762428
214.558908  52.652362
214.286886  52.803260
214.555577  52.653495
214.298432  52.808596
214.502230  52.673138
214.715227  52.554978
214.510738  52.681652
214.785852  52.510466
214.585389  52.633781
214.762745  52.522841
214.478960  52.695577
214.285268  52.810482
214.466067  52.701425
214.529118  52.662618
214.387760  52.748527
214.636158  52.602482
214.670142  52.573342
214.659723  52.579011
214.587449  52.619762
214.768723  52.499856
214.772219  52.497310
214.539451  52.639106
214.664495  52.558366
214.393356  52.725527
214.283286  52.787954
214.755498  52.506019
214.586728  52.603097
214.621916  52.581066
214.502355  52.652629
214.279977  52.794446
214.441298  52.687344
214.376007  52.728960
214.178071  52.596773
214.359200  52.744734
214.661665  52.549570
214.389000  52.714002
214.384771  52.716349
214.395312  52.464485
214.652760  52.545585
214.761820  52.499935
214.344957  52.732101
214.521167  52.625102
214.527463  52.383440
214.579818  52.568698
214.732577  52.472826
214.730179  52.472238
214.402226  52.673561
214.381743  52.683848
214.375744  52.688825
214.645635  52.521270
214.732915  52.492193
214.247813  52.759860
214.498836  52.606775
214.470411  52.623191
214.260846  52.747210
214.228596  52.767698
214.381039  52.673404
214.220355  52.770103
214.497794  52.602260
214.660072  52.500101
214.522443  52.580957
214.204765  52.772320
214.233482  52.753452
214.481434  52.599555
214.293136  52.714727
214.290788  52.715428
214.463353  52.586450
214.252488  52.727868
214.228074  52.741144
214.329025  52.680129
214.604743  52.512485
214.226166  52.739857
214.166774  52.774965
214.601547  52.506644
214.200157  52.750817
214.410513  52.623769
214.685703  52.455389
214.177829  52.760632
214.180895  52.757227
214.387650  52.631340
214.349583  52.655030
