214.743002  52.782344
214.622399  52.852191
214.660112  52.833116
214.874701  52.705069
214.485692  52.937593
214.631871  52.850825
214.877034  52.706895
215.017551  52.622402
214.542497  52.907828
214.693188  52.817737
214.699515  52.814766
214.738012  52.792222
214.961146  52.654761
214.740809  52.791092
214.595124  52.878238
214.928435  52.679487
214.952483  52.665126
214.704248  52.810594
214.939139  52.672100
214.752183  52.788301
214.677988  53.041669
215.072940  52.804573
214.917391  52.897423
214.830374  52.948537
214.681052  53.037246
215.098175  52.785704
214.706177  53.019894
214.946060  52.876120
214.645961  53.054015
214.878876  52.914164
214.884489  52.910209
214.699945  53.019520
215.068637  52.797609
214.675650  53.033325
214.967139  52.857673
214.667098  53.037664
214.713847  53.008220
214.970644  52.853018
215.100300  52.775333
214.732388  52.994950
214.761301  52.977368
214.717010  53.009045
215.106343  52.769882
214.675585  53.027854
214.756611  52.978795
215.076086  52.786616
214.732947  52.992172
215.090837  52.776479
214.823547  52.936879
215.100006  52.768651
214.740465  52.985057
214.639348  53.044474
215.180343  52.718872
215.115271  52.757438
215.093415  52.769715
214.700285  53.005702
214.868377  52.903183
215.111908  52.754735
214.748079  52.973241
214.966500  52.841948
215.078763  52.773764
214.844277  52.915003
214.883837  52.890927
214.915981  52.870979
214.733172  52.980115
214.896993  52.880473
215.097302  52.758844
215.076051  52.771619
214.916616  52.866914
215.127525  52.739157
215.124556  52.740494
214.929573  52.857491
214.881624  52.883984
215.058634  52.776615
215.060335  52.773458
214.772244  52.945970
214.936732  52.847270
214.753798  52.956962
214.979867  52.820387
215.056621  52.780573
214.817440  52.913591
214.748157  52.954528
215.113607  52.734919
214.637173  53.019474
214.906872  52.863669
214.762693  52.943766
215.083049  52.750970
214.632403  53.020917
214.725409  52.965499
214.834862  52.899770
215.086484  52.745821
214.871370  52.881750
214.974313  52.813125
214.853562  52.885832
214.947756  52.827314
214.882082  52.865506
214.698254  52.975961
214.874130  52.868439
214.691309  52.976454
214.878412  52.864353
214.905608  52.847434
215.099755  52.729260
215.145931  52.700335
215.111274  52.721986
215.099833  52.726594
215.051293  52.754993
214.946719  52.819337
214.637305  53.002561
214.667805  52.983713
214.764130  52.925970
214.660606  52.987371
214.969443  52.801063
215.047944  52.753210
214.806973  52.897340
215.025315  52.770295
214.743214  52.934146
215.046691  52.751256
214.804400  52.896205
214.696012  52.960974
214.984861  52.787177
214.925582  52.822309
214.777494  52.910776
215.091275  52.719982
214.787210  52.903702
214.930238  52.817500
214.614258  53.006388
214.833121  52.874135
214.732823  52.933615
214.994534  52.775295
214.745619  52.923552
214.627928  52.992717
214.969961  52.788129
214.802743  52.891050
214.712978  52.940469
214.629413  52.988943
215.123799  52.692656
214.894555  52.829780
214.608283  53.000414
214.603865  53.002198
214.686584  52.952822
215.099531  52.703528
214.952429  52.791939
214.726674  52.927609
214.687839  52.949626
214.999764  52.763950
214.941022  52.797063
214.585071  53.011904
215.086881  52.707506
214.873879  52.835560
214.723887  52.925508
214.939381  52.793887
214.614464  52.987304
215.018473  52.744480
215.073169  52.711129
214.718866  52.924480
214.622176  52.982236
215.065791  52.715103
215.120451  52.680584
214.667550  52.952514
214.940012  52.788103
214.718842  52.921187
215.115020  52.681508
214.974000  52.765412
215.047786  52.720180
214.552364  53.017093
214.790335  52.873638
214.796595  52.869525
214.865244  52.828363
214.794419  52.869750
214.552805  53.013807
214.741021  52.901106
215.092446  52.689617
214.928646  52.788782
214.705670  52.920391
214.984704  52.752423
214.547670  53.013995
214.675199  52.936832
215.080873  52.693049
214.754232  52.889869
215.072760  52.697506
214.613541  52.972440
214.552094  53.008716
214.963789  52.761658
214.761861  52.883078
214.855135  52.826531
214.659802  52.941143
214.670226  52.934703
214.703367  52.914803
214.726222  52.899802
214.906082  52.791984
214.929974  52.776399
214.995754  52.735709
214.578096  52.986772
214.868999  52.811887
214.611702  52.965283
214.733968  52.892044
214.710757  52.905129
214.748127  52.881784
214.908743  52.784310
214.866187  52.809296
214.837129  52.826841
215.031638  52.706552
214.667635  52.924485
215.042069  52.699040
214.558245  52.987893
214.832940  52.825436
215.042225  52.697022
215.018795  52.710483
214.946467  52.754219
214.983743  52.729054
214.896996  52.779906
214.899466  52.777796
214.640137  52.932939
214.694992  52.899263
215.037438  52.693190
214.773776  52.851941
215.008618  52.710037
214.999616  52.715089
214.701659  52.894197
214.990149  52.719908
214.950190  52.743311
215.065097  52.673243
215.008045  52.705360
215.003244  52.707390
214.852884  52.798216
214.767248  52.849129
214.555528  52.974569
214.842124  52.801008
214.649924  52.915300
214.829746  52.807205
214.596933  52.945991
215.032005  52.683496
214.822523  52.807864
214.999985  52.701431
214.811456  52.815057
214.782632  52.831057
214.806380  52.816974
214.649520  52.910799
215.055503  52.664911
215.068442  52.656014
215.002897  52.695779
215.020272  52.684595
214.665684  52.896994
214.993331  52.700430
