213.778019  52.186658
213.875632  52.125817
213.548456  52.323138
213.767319  52.190777
214.039010  52.023831
213.801238  52.167354
213.720462  52.213586
213.612531  52.279771
213.712419  52.218054
213.587432  52.293515
213.992405  52.044870
213.845996  52.132408
213.580109  52.294225
213.542680  52.316003
213.718871  52.209419
213.817413  52.148952
213.906411  52.093618
213.592444  52.283977
213.500937  52.339064
213.530804  52.319618
213.872870  52.110691
213.613972  52.267583
213.787851  52.161241
213.708332  52.209746
213.811908  52.145756
213.632279  52.255090
213.802632  52.151468
213.817933  52.141402
213.928901  52.073088
213.833217  52.130995
213.828735  52.132068
213.985149  52.036077
213.572442  52.287236
213.898168  52.090619
213.869874  52.102968
213.838832  52.121312
213.878567  52.096917
213.935842  52.060845
213.634128  52.249174
213.922227  52.062012
214.009209  52.020350
213.916063  52.064263
213.935687  52.052018
213.774595  52.153985
213.908450  52.068861
213.996400  52.012511
213.519483  52.304293
213.776536  52.156289
213.875949  52.086288
213.712349  52.191727
213.681925  52.200938
213.483217  52.319606
213.499478  52.306977
213.503892  52.304347
213.638506  52.222172
213.772773  52.139554
213.615160  52.234680
213.551340  52.291820
213.847724  52.092409
213.840593  52.095442
213.908014  52.053931
213.922718  52.044348
213.599725  52.241046
213.741932  52.154202
213.905207  52.048663
213.550749  52.262978
213.844633  52.084479
213.655089  52.204728
213.896412  52.051464
213.790009  52.118607
213.885384  52.055806
213.925132  52.030144
213.930955  52.026302
213.581899  52.242448
213.505121  52.288372
213.738994  52.143232
213.735622  52.144708
213.847931  52.075053
213.590274  52.231969
213.436862  52.324101
213.966146  52.001827
213.512516  52.278028
213.879760  52.055219
213.665984  52.184527
213.774150  52.117672
213.803315  52.100274
213.590699  52.229096
213.611093  52.216280
213.681869  52.173203
213.475731  52.306386
213.686284  52.167384
213.729264  52.138740
213.928983  52.015051
213.751148  52.123302
213.969115  51.989363
213.692621  52.158215
213.566336  52.234913
213.630316  52.197802
213.494322  52.277013
213.672659  52.167000
213.843100  52.062341
213.976220  51.980146
213.695958  52.159226
213.948877  51.996699
213.884642  52.037809
213.713069  52.140296
213.572357  52.225757
213.978126  51.978388
213.425930  52.313130
213.831231  52.066260
213.423535  52.313623
213.743317  52.118688
213.734253  52.123852
213.429503  52.308124
213.450829  52.295027
213.589395  52.210944
213.673127  52.158975
213.435739  52.302710
213.769911  52.097754
213.569228  52.215955
213.620993  52.184619
213.494066  52.260957
213.660953  52.159715
213.903603  52.010082
213.657964  52.160000
213.944180  51.984357
213.618533  52.183155
213.575001  52.208058
213.812302  52.062986
213.765704  52.091585
213.531741  52.233801
213.419620  52.301086
213.559008  52.216524
213.888507  52.015321
213.488480  52.258216
213.630189  52.172188
213.522395  52.236668
213.535427  52.228392
213.483206  52.257786
213.706899  52.122181
213.893840  52.006801
