215.393904  52.931125
215.348386  52.959143
214.939989  53.201447
215.055247  53.133726
215.111913  53.100451
215.259770  53.010574
214.975301  53.182105
214.997809  53.167584
214.986491  53.176265
215.418404  52.920576
215.097669  53.113035
215.386447  52.941717
214.939800  53.207357
215.461610  52.897164
215.442203  52.909847
215.262766  53.015823
215.343516  52.970592
215.454088  52.904807
215.094858  53.119276
215.343790  52.971882
215.049877  53.147228
214.958964  53.201151
215.134607  53.098565
214.965855  53.198411
214.925215  53.223610
215.051219  53.149302
215.149014  53.092489
215.269968  53.018331
215.337660  52.982130
214.959825  53.206086
215.070536  53.141231
215.361554  52.968256
215.232564  53.045447
215.355531  52.969031
215.002174  53.182238
215.334982  52.983800
215.251540  53.035866
215.363876  52.966791
215.426167  52.931958
214.918466  53.233653
214.995347  53.188552
215.362035  52.970930
215.056748  53.154154
215.079025  53.141094
215.209502  53.063567
215.362136  52.973721
215.359908  52.975659
215.404863  52.949062
215.100679  53.128108
215.108764  53.125724
215.192005  53.076896
215.243852  53.046856
215.059997  53.151594
215.056344  53.156624
215.147996  53.105627
215.031825  53.174861
215.000489  53.193630
215.170065  53.093778
214.981514  53.205695
215.389663  52.964390
215.172064  53.094120
215.384239  52.958497
215.215573  53.068008
215.381508  52.971011
215.323645  53.005917
215.206096  53.076234
215.158774  53.104608
215.375872  52.976641
215.171536  53.097455
215.171437  53.100032
215.231143  53.061120
215.160703  53.107627
214.946139  53.234657
215.355398  52.992566
215.243410  53.059612
215.501084  52.906608
215.182154  53.098085
215.034205  53.186178
215.302088  53.025767
214.979837  53.217566
215.015481  53.197925
215.379569  52.982292
215.027187  53.192007
215.146487  53.116438
215.361358  52.991356
215.299973  53.031025
215.374503  52.987330
215.500192  52.911946
215.203021  53.089676
215.151505  53.120527
215.300485  53.032197
215.338155  53.007550
214.965836  53.225924
215.327185  53.015622
215.310957  53.026443
215.487787  52.920506
215.151259  53.121504
215.271776  53.047954
215.370082  52.990315
215.273629  53.050356
214.982278  53.223238
215.173597  53.110589
214.952001  53.241812
214.987740  53.221070
215.444529  52.949289
214.987551  53.222216
215.327874  53.021355
215.107239  53.152480
215.218497  53.079056
215.290938  53.045868
215.261605  53.063312
215.344369  53.014766
215.363543  53.004376
214.969661  53.238093
215.035744  53.200542
215.072904  53.178706
214.966422  53.243102
215.030002  53.205969
215.319719  53.034191
215.228824  53.086746
215.254202  53.071022
215.208115  53.100768
214.996296  53.227768
215.347870  53.017848
215.429338  52.972204
215.283874  53.057684
215.193622  53.113564
215.316686  53.039570
214.991703  53.234078
215.476913  52.946753
215.205236  53.109665
215.386683  53.002255
215.049418  53.202869
215.471682  52.952081
215.322283  53.038694
215.167299  53.134333
215.004245  53.232222
215.202514  53.106587
215.224545  53.102218
215.313327  53.050290
215.006375  53.228399
215.435879  52.978132
215.198545  53.120616
215.406450  52.998466
215.255751  53.088499
215.111525  53.175637
215.217794  53.110464
214.984353  53.252136
215.269640  53.084203
215.171679  53.143268
215.250325  53.093224
215.460779  52.971639
215.010655  53.239493
215.493155  52.951887
215.230824  53.107895
215.169003  53.144889
215.172357  53.144796
215.162118  53.150719
215.009451  53.241631
215.028110  53.231403
214.979282  53.260141
215.336114  53.049280
215.352364  53.039438
215.357724  53.037424
215.256253  53.098316
215.172837  53.148019
215.012409  53.244620
215.029462  53.234962
215.038765  53.229676
215.476448  52.969779
215.235653  53.113644
215.129848  53.176239
215.375069  53.030927
215.486558  52.964373
215.193074  53.138400
215.142585  53.169182
215.004768  53.253128
215.081595  53.207962
215.339093  53.055257
214.978861  53.268204
214.993428  53.261310
215.313904  53.070955
215.140253  53.175263
215.263924  53.102271
215.401182  53.020490
215.460132  52.986187
215.193045  53.145931
215.510894  52.955864
215.209943  53.136683
215.365639  53.042049
215.325811  53.068142
215.083637  53.211755
215.252227  53.111942
214.998823  53.263356
215.363368  53.047976
215.340126  53.061782
215.095027  53.208571
215.432750  53.008541
215.435984  53.006357
215.297427  53.089376
215.346693  53.060963
215.554401  52.936514
215.501899  52.963254
215.428518  53.012423
215.478908  52.983225
215.528117  52.953690
215.416919  53.021172
215.368703  53.050417
215.412153  53.023915
215.293206  53.094375
215.001850  53.265214
215.239649  53.128010
215.244348  53.125594
215.480360  52.985360
215.058848  53.236365
215.408993  53.028726
215.429953  53.017275
215.308044  53.090927
215.429378  53.015050
215.433915  53.014649
215.232919  53.135779
215.255107  53.125188
215.248413  53.130179
215.324320  53.085031
215.053261  53.250322
215.084094  53.233164
215.542244  52.959690
215.003697  53.281889
215.048501  53.251534
215.454113  53.014547
215.150270  53.196190
215.297773  53.110306
215.556596  52.955011
215.067944  53.247843
215.135523  53.207725
215.300955  53.106061
215.421549  53.038957
215.122595  53.216921
215.472028  53.009428
215.326039  53.096768
215.170599  53.183562
215.251404  53.141516
215.439545  53.029550
215.463778  53.015822
215.329607  53.096347
