214.258220  52.260694
213.930241  52.459737
213.940059  52.457475
214.236291  52.280057
214.126293  52.341439
214.210011  52.295405
214.114060  52.354808
214.119491  52.351085
214.345609  52.214789
214.203952  52.293995
214.120671  52.352997
213.949113  52.457054
214.097223  52.368605
213.930978  52.469917
214.278408  52.260190
214.139288  52.341811
214.301709  52.247332
214.027713  52.413805
214.169960  52.330896
214.275981  52.265615
214.041858  52.409836
213.944358  52.469391
213.950133  52.463126
214.036545  52.415047
214.308857  52.250273
214.270527  52.273431
214.038476  52.415171
214.266139  52.275383
214.350328  52.225143
214.110666  52.371693
214.355300  52.224180
214.076074  52.395158
214.079261  52.393908
214.356867  52.226685
214.241815  52.297698
213.957658  52.468792
214.208740  52.319096
214.297921  52.266421
214.086325  52.392671
214.329847  52.245385
214.369959  52.223656
214.336624  52.244536
214.312604  52.259933
214.239544  52.302957
213.953260  52.478734
214.177665  52.342891
214.320011  52.258114
214.172207  52.353952
213.977591  52.472047
214.121161  52.385317
213.966874  52.479052
214.123803  52.384171
214.356276  52.237896
214.123367  52.386604
214.140200  52.376905
214.116062  52.391001
214.062221  52.427081
214.181491  52.350689
213.986454  52.476010
214.102212  52.406703
214.188306  52.357085
214.390254  52.235099
214.354089  52.257174
214.295516  52.290959
214.396558  52.232248
214.077498  52.425640
213.973670  52.489616
214.252867  52.321837
214.187870  52.363264
214.194661  52.360459
214.384096  52.245062
214.108439  52.412774
214.223260  52.342668
214.156203  52.384593
214.103922  52.416681
214.253475  52.327905
214.369071  52.257658
214.143811  52.393096
214.261545  52.323417
214.390720  52.243579
214.065647  52.442578
214.156847  52.388534
214.299877  52.302179
214.367456  52.260329
214.293070  52.307869
214.183234  52.371962
214.263784  52.326270
214.123029  52.411587
214.275024  52.319925
214.226304  52.351529
214.014358  52.479612
214.375003  52.262126
213.973584  52.505585
214.298528  52.308524
214.406311  52.243667
214.239023  52.344127
214.039873  52.469385
214.414174  52.243051
214.283316  52.323734
214.254068  52.342149
213.971505  52.512823
214.148563  52.405428
213.988925  52.502369
214.281095  52.326767
214.327221  52.299996
214.326397  52.301513
214.177550  52.390178
214.224902  52.363777
214.196316  52.381995
214.373469  52.274861
214.155783  52.409549
214.155276  52.412166
214.231845  52.366361
214.186081  52.394204
214.214472  52.377482
214.079300  52.458872
213.982068  52.518448
214.003600  52.503376
214.039140  52.487058
213.992502  52.514808
214.398961  52.263730
214.314117  52.320780
214.345300  52.300661
214.348975  52.299664
214.426369  52.255315
214.251681  52.362816
214.342623  52.310367
214.205877  52.393386
214.097910  52.456580
214.347796  52.308148
214.299320  52.336646
214.365436  52.299010
214.367331  52.297494
214.363165  52.300918
214.018222  52.510328
213.994556  52.524244
213.974826  52.532783
214.262535  52.365902
214.086213  52.473448
214.037791  52.503760
214.091622  52.471514
