213.502220  52.114724
213.790820  51.939473
213.582675  52.069502
213.313369  52.230988
213.529203  52.099863
213.734347  51.975367
213.501155  52.120596
213.353212  52.209661
213.523985  52.106945
213.582100  52.071927
213.581417  52.073354
213.659882  52.022799
213.340270  52.218406
213.732878  51.980198
213.736541  51.981418
213.755345  51.970083
213.458570  52.149282
213.409360  52.181741
213.822426  51.930709
213.674591  52.020427
213.577634  52.080638
213.326434  52.233996
213.553941  52.094934
213.864221  51.907757
213.325829  52.235920
213.661069  52.033639
213.837347  51.924933
213.337201  52.231574
213.637409  52.050047
213.348242  52.225173
213.515283  52.124577
213.589343  52.079121
213.802395  51.950886
213.799924  51.954892
213.842021  51.929076
213.554940  52.105463
213.415592  52.190080
213.761882  51.979621
213.471307  52.157017
213.811460  51.948245
213.375652  52.214752
213.806658  51.955289
213.800372  51.958368
213.383178  52.214902
213.577587  52.099071
213.452767  52.175619
213.382991  52.217639
213.476966  52.158612
213.795981  51.968420
213.535574  52.126788
213.471830  52.165671
213.757062  51.993461
213.396876  52.212781
213.560182  52.114115
213.458167  52.176346
213.473739  52.161556
213.532349  52.131270
213.532553  52.125653
213.867567  51.929377
213.587221  52.101008
213.483531  52.162112
213.802665  51.970861
213.497569  52.153342
213.331677  52.257005
213.413362  52.210186
213.493426  52.162345
213.780159  51.988042
213.523805  52.144013
213.618586  52.087140
213.521030  52.147107
213.813109  51.966834
213.370930  52.237996
213.516095  52.150863
213.406003  52.217666
213.461846  52.184259
213.454707  52.188498
213.858935  51.942547
213.363741  52.244976
213.434104  52.196754
213.456658  52.185536
213.548166  52.134506
213.785906  51.991380
213.860386  51.945704
213.451407  52.195671
213.555823  52.132736
213.397527  52.228539
213.624035  52.092709
213.757067  52.012610
213.872324  51.942036
213.517078  52.160482
213.824919  51.972982
213.607474  52.105804
213.351223  52.259520
213.488681  52.175717
213.383252  52.243282
213.561317  52.136022
213.458323  52.200356
213.882706  51.942618
213.511131  52.170182
213.415104  52.229056
213.391600  52.243631
213.661335  52.080862
213.808972  51.991118
213.834541  51.974395
213.389370  52.248030
213.817857  51.987997
213.668735  52.076953
213.796277  51.994708
213.713274  52.052481
213.476803  52.194592
213.560129  52.145924
213.536263  52.160552
213.849694  51.969428
213.861634  51.962123
213.886440  51.946760
213.393658  52.247915
213.510768  52.174355
213.801202  51.998098
213.563611  52.146701
213.829585  51.986116
213.867145  51.956089
213.672397  52.085727
213.470035  52.209296
213.650750  52.100715
213.628240  52.114630
213.672245  52.081842
213.906751  51.945953
213.798914  52.012720
213.473915  52.210541
213.578421  52.148290
213.593520  52.139618
213.758809  52.040342
213.410333  52.251869
213.742093  52.049789
213.897371  51.955810
213.380849  52.270264
213.869831  51.975881
213.799996  52.019530
213.761836  52.043036
213.883275  51.968991
213.757413  52.035703
213.876543  51.972578
213.867931  51.977998
213.918291  51.942946
213.866894  51.979394
213.854837  51.989076
213.668683  52.103968
213.440350  52.242612
213.813087  52.017108
213.452220  52.237549
213.601887  52.147307
213.473119  52.225616
213.852015  51.995102
213.433354  52.249538
213.573897  52.162688
213.487289  52.218966
213.460883  52.235026
213.577125  52.164262
213.475088  52.228115
213.412371  52.265588
213.655936  52.118883
213.569311  52.166177
213.848534  52.000956
213.553889  52.181058
213.754684  52.059095
213.902574  51.972090
213.540364  52.193313
213.413955  52.269858
213.618120  52.146520
213.772632  52.053110
213.453905  52.248686
213.483061  52.229310
213.726058  52.074069
213.501549  52.221986
213.580655  52.175976
213.423779  52.271415
213.463705  52.248155
213.443150  52.261023
213.619258  52.155844
213.607678  52.162477
213.781479  52.057954
213.858081  52.010059
213.642679  52.142253
213.913758  51.976663
213.892146  51.993046
213.885858  51.996149
213.595478  52.175473
213.497578  52.235146
213.497528  52.231740
213.917884  51.979193
213.624931  52.158475
213.489782  52.240231
213.458599  52.257819
213.533341  52.214939
213.589786  52.180476
213.505664  52.231988
213.420447  52.282433
213.699985  52.114339
213.623361  52.161736
213.532650  52.217610
213.582997  52.188515
213.673382  52.133734
213.457197  52.265483
213.843404  52.221078
213.734724  52.286613
213.862920  52.208500
213.590481  52.373673
213.825063  52.230972
214.001451  52.122521
213.880539  52.195985
213.820334  52.233314
213.718571  52.294124
214.084786  52.069170
213.871327  52.199960
213.819273  52.231785
214.022694  52.106360
213.856086  52.210027
213.667792  52.322420
213.878373  52.193458
213.961414  52.142710
213.858916  52.205203
213.714764  52.292367
213.857086  52.204283
214.000732  52.115654
213.724109  52.285087
213.933053  52.157040
213.884045  52.186520
214.095217  52.062976
213.590347  52.364365
213.646964  52.333365
213.732585  52.276171
213.689061  52.301731
213.977043  52.125033
213.777919  52.245809
213.773535  52.247816
213.673957  52.308177
213.986001  52.117929
213.966598  52.128663
213.675300  52.306430
213.579866  52.362731
213.913199  52.158555
213.959293  52.129687
213.991773  52.109814
213.729318  52.269820
