215.108180  53.313765
215.640307  52.996318
215.452441  53.108627
215.128560  53.300975
215.536479  53.058600
215.623978  53.003783
215.451404  53.107189
215.385222  53.146025
215.462091  53.099455
215.616070  53.007381
215.275499  53.210014
215.156736  53.279748
215.367511  53.152928
215.624895  52.998107
215.631123  52.993218
215.256789  53.217015
215.461500  53.094667
215.234898  53.229524
215.605495  53.007889
215.167794  53.269221
215.442756  53.105599
215.387808  53.136410
215.333293  53.168499
215.429495  53.112120
215.612583  53.000130
215.507555  53.062813
215.305638  53.182830
215.480201  53.076115
215.102746  53.300719
215.247508  53.215929
215.490450  53.069007
215.169386  53.256490
215.102407  53.295202
215.262166  53.198862
215.332791  53.156779
215.252809  53.203306
215.443166  53.089489
215.325396  53.158662
215.252880  53.201194
215.430751  53.095346
215.449928  53.082676
215.437004  53.089612
215.499423  53.052228
215.428451  53.093751
215.608256  52.986232
215.549824  53.020277
215.091786  53.292866
215.081002  53.298804
215.428727  53.092468
215.594690  52.992730
215.177446  53.240779
215.349564  53.136646
215.331895  53.313800
215.206535  53.382964
215.312644  53.319943
215.454142  53.235434
215.751771  53.336024
215.867882  53.265829
215.388626  53.269252
215.248822  53.357381
215.614573  53.138831
215.581141  53.436884
215.622823  53.411993
215.876956  53.258372
215.762514  53.326835
215.838320  53.280350
215.677794  53.375017
215.664505  53.382197
215.423989  53.251739
215.315173  53.317669
215.608203  53.413649
215.378509  53.281946
215.871182  53.255824
215.184333  53.393513
215.607706  53.141371
215.262467  53.346417
215.660024  53.380837
215.628044  53.386226
215.897919  53.238148
215.805734  53.291855
215.605252  53.410360
215.910482  53.216447
215.630258  53.389365
215.848678  53.258847
215.355341  53.287039
215.925810  53.217168
215.851860  53.255805
215.721592  53.329560
215.524036  53.449472
215.623131  53.392696
215.912938  53.216463
215.611793  53.397697
215.754338  53.311036
215.765735  53.303979
215.617464  53.389499
215.905193  53.214439
215.919553  53.206437
215.419485  53.252079
215.588333  53.408986
215.779204  53.288977
215.627555  53.379040
215.616481  53.386517
215.685686  53.344149
215.662112  53.357089
215.833902  53.253686
215.344433  53.293433
215.676652  53.348171
215.871125  53.229958
215.476869  53.223741
215.644795  53.367898
215.606154  53.148149
215.519168  53.448865
215.615597  53.380685
215.934999  53.189665
215.747134  53.301117
215.821275  53.256368
215.636553  53.366940
215.667124  53.347120
215.621922  53.373449
215.807429  53.261216
215.420832  53.257714
215.193198  53.391320
215.788918  53.269071
215.685783  53.330537
215.392179  53.274102
215.610730  53.373725
215.857073  53.225944
215.299600  53.328653
215.620546  53.366435
215.582697  53.159939
215.609941  53.363235
215.598331  53.367705
215.388319  53.490391
215.749172  53.271137
215.676778  53.313663
215.592913  53.366420
215.923387  53.165044
215.582717  53.373864
215.425585  53.462299
215.857985  53.203451
215.448935  53.446303
215.409751  53.476500
215.888748  53.187735
215.356748  53.498019
215.703750  53.081185
215.787537  53.238805
215.663489  53.313945
215.574011  53.361290
215.777765  53.240436
215.673261  53.302113
215.764030  53.242839
215.708444  53.275468
215.505868  53.395274
215.736782  53.255811
215.827941  53.199436
215.344264  53.488269
215.657375  53.301048
215.450182  53.423827
215.464736  53.415776
215.906587  53.148717
215.397431  53.460181
215.754716  53.239158
215.864623  53.170544
215.765761  53.235823
215.802190  53.207428
215.443357  53.419468
215.438873  53.424549
215.817421  53.197438
215.503456  53.382474
215.587347  53.332157
215.787510  53.214597
215.613315  53.317211
215.605020  53.321283
215.901571  53.142984
215.412030  53.433816
215.482788  53.391163
215.862203  53.161430
215.817806  53.188050
215.586243  53.327052
215.714898  53.253169
215.774181  53.214332
215.649849  53.267999
215.873429  53.153162
215.694642  53.264591
215.827503  53.180518
215.831733  53.178383
215.805014  53.193359
215.812180  53.187914
215.325773  53.478947
215.763409  53.216301
215.888607  53.140482
215.875816  53.147592
215.606349  53.310938
215.427593  53.415717
215.809751  53.186308
215.353015  53.457756
215.603063  53.309636
215.390371  53.436019
215.429880  53.411988
215.768213  53.213441
215.738527  53.226351
215.670708  53.267919
215.448766  53.398846
215.440258  53.404498
215.889596  53.134335
215.776994  53.204314
215.353913  53.455206
215.883650  53.137011
215.532557  53.349445
215.874917  53.144071
215.849239  53.155727
215.837538  53.164354
215.555320  53.335686
215.562572  53.326676
215.777515  53.201359
215.877506  53.135202
215.590085  53.307770
215.579512  53.313683
215.659341  53.270973
215.582710  53.309914
215.315888  53.467934
215.762192  53.197948
215.547831  53.330803
215.874013  53.132548
215.415565  53.407101
215.438524  53.392639
215.577363  53.309796
215.825092  53.159520
215.388310  53.422507
215.732080  53.213185
215.332554  53.450950
215.812972  53.165256
215.835444  53.149615
215.400471  53.409383
215.579170  53.302462
215.819949  53.157536
215.728383  53.212001
215.840692  53.144494
215.396115  53.409182
215.320457  53.454039
215.315081  53.456934
215.728361  53.209592
215.773153  53.182896
215.594353  53.289613
