214.637305  53.002561
214.660606  52.987371
214.806973  52.897340
214.804400  52.896205
214.696012  52.960974
214.984861  52.787177
214.732823  52.933615
214.994534  52.775295
214.969961  52.788129
214.802743  52.891050
214.712978  52.940469
215.123799  52.692656
214.894555  52.829780
214.941022  52.797063
214.614464  52.987304
215.120451  52.680584
215.115020  52.681508
214.974000  52.765412
214.547670  53.013995
214.659802  52.941143
214.558245  52.987893
215.042225  52.697022
215.008618  52.710037
214.999616  52.715089
215.065097  52.673243
215.008045  52.705360
215.003244  52.707390
214.999985  52.701431
214.811456  52.815057
214.782632  52.831057
214.993331  52.700430
215.022389  52.680796
215.004417  52.688550
215.050796  52.656816
214.554139  52.951659
214.964489  52.701296
214.676391  52.873479
214.750753  52.833072
214.586542  52.921323
214.731835  52.824353
214.663399  52.861208
214.979556  52.669960
214.841734  52.752756
214.641704  52.867553
214.799920  52.763062
215.134560  53.029101
214.993963  53.101601
215.239036  52.953398
215.236209  52.953791
