214.395312  52.464485
214.652760  52.545585
214.732577  52.472826
214.375744  52.688825
214.498836  52.606775
214.381039  52.673404
214.220355  52.770103
214.463353  52.586450
214.601547  52.506644
214.200157  52.750817
214.387650  52.631340
214.372502  52.637828
214.217267  52.733925
214.598936  52.499518
214.360455  52.639009
214.540118  52.379503
214.566360  52.510156
214.355962  52.635662
214.206382  52.719944
214.180441  52.733042
214.400389  52.598560
214.681204  52.423985
214.605110  52.467478
214.538743  52.503959
214.354965  52.610136
214.174344  52.715450
214.656239  52.427252
214.622438  52.443976
214.385240  52.578083
214.396815  52.576501
214.136814  52.729308
214.570183  52.466235
214.595172  52.452447
214.137548  52.720428
214.390835  52.563719
214.398405  52.559004
214.213559  52.577479
214.382012  52.555688
214.629791  52.404850
214.382987  52.553073
214.493324  52.482731
214.290685  52.602620
214.377188  52.550006
214.569904  52.432440
214.345539  52.566929
214.084153  52.719026
214.177519  52.658081
214.339488  52.556607
214.546433  52.429666
