214.984861  52.787177
214.777494  52.910776
214.930238  52.817500
214.833121  52.874135
214.732823  52.933615
214.994534  52.775295
214.627928  52.992717
214.969961  52.788129
214.802743  52.891050
214.712978  52.940469
214.629413  52.988943
215.123799  52.692656
214.894555  52.829780
214.608283  53.000414
214.603865  53.002198
214.686584  52.952822
215.099531  52.703528
214.941022  52.797063
214.873879  52.835560
214.723887  52.925508
214.939381  52.793887
214.614464  52.987304
215.120451  52.680584
214.940012  52.788103
214.718842  52.921187
215.115020  52.681508
214.974000  52.765412
215.047786  52.720180
214.552364  53.017093
214.790335  52.873638
215.092446  52.689617
214.928646  52.788782
214.705670  52.920391
214.547670  53.013995
214.613541  52.972440
214.963789  52.761658
214.761861  52.883078
214.659802  52.941143
214.929974  52.776399
214.578096  52.986772
214.868999  52.811887
214.611702  52.965283
214.733968  52.892044
214.748127  52.881784
214.667635  52.924485
215.042069  52.699040
214.558245  52.987893
214.832940  52.825436
215.042225  52.697022
215.018795  52.710483
214.946467  52.754219
214.983743  52.729054
214.773776  52.851941
215.008618  52.710037
214.999616  52.715089
214.950190  52.743311
215.065097  52.673243
215.008045  52.705360
215.003244  52.707390
214.852884  52.798216
214.767248  52.849129
214.555528  52.974569
214.842124  52.801008
214.829746  52.807205
215.032005  52.683496
214.999985  52.701431
214.811456  52.815057
214.782632  52.831057
215.055503  52.664911
215.068442  52.656014
214.665684  52.896994
214.993331  52.700430
215.022389  52.680796
214.815667  52.806929
214.805426  52.814739
215.004417  52.688550
214.995519  52.691489
215.050796  52.656816
214.831787  52.787692
214.554139  52.951659
214.964489  52.701296
214.676391  52.873479
214.750753  52.833072
214.683083  52.866266
214.586542  52.921323
214.727052  52.834698
214.546519  52.942041
214.639540  52.885610
214.621540  52.896504
214.728516  52.829480
214.731835  52.824353
214.738372  52.820326
214.959291  52.689432
215.039824  52.647629
214.726128  52.824328
214.888432  52.727046
214.588796  52.906053
214.663399  52.861208
214.979556  52.669960
214.905049  52.715260
214.841734  52.752756
214.931968  52.693649
214.641704  52.867553
214.950723  52.681792
214.710954  52.824254
214.900196  52.707893
214.721621  52.815489
214.682874  52.837683
214.870151  52.723350
214.799920  52.763062
214.690208  52.828189
214.970891  52.658301
214.502764  52.937700
214.718810  52.811348
215.123058  53.037376
215.217401  52.979291
215.134560  53.029101
215.152093  53.018361
215.163381  53.008736
215.034863  53.083831
215.238882  52.957042
215.244294  52.952500
214.993963  53.101601
215.239036  52.953398
214.951885  53.125456
214.941518  53.130720
215.191415  52.979618
215.236209  52.953791
214.984467  53.106392
215.196946  52.971673
215.198095  52.969048
214.983465  53.096628
215.260422  52.928721
214.971323  53.099609
215.328028  52.883306
215.178695  52.970579
215.241540  52.932305
215.334294  52.873402
215.319851  52.879209
214.953162  53.100063
215.285507  52.897301
