214.674659  52.857334
214.726128  52.824328
214.888432  52.727046
214.588796  52.906053
214.663399  52.861208
214.979556  52.669960
214.905049  52.715260
214.656629  52.864009
214.841734  52.752756
214.994932  52.680165
214.522541  52.942151
214.997608  52.661648
215.046874  52.643023
214.612805  52.885930
214.931968  52.693649
214.872520  52.729257
214.641704  52.867553
214.950723  52.681792
214.790659  52.778424
214.935524  52.689169
214.710954  52.824254
214.900196  52.707893
214.721621  52.815489
214.982336  52.658097
214.682874  52.837683
214.870151  52.723350
214.909953  52.698281
214.971634  52.660629
214.793367  52.768168
214.616553  52.872206
214.799920  52.763062
214.690208  52.828189
214.970891  52.658301
214.502764  52.937700
214.718810  52.811348
215.123058  53.037376
215.217401  52.979291
215.134560  53.029101
215.152093  53.018361
215.163381  53.008736
215.034863  53.083831
214.995899  53.106618
215.320352  52.908657
215.021130  53.089368
215.238882  52.957042
215.244294  52.952500
214.993963  53.101601
215.239036  52.953398
214.951885  53.125456
214.941518  53.130720
215.191415  52.979618
215.106654  53.031327
215.236209  52.953791
214.984467  53.106392
215.196946  52.971673
215.003808  53.087555
215.198095  52.969048
215.186051  52.975433
214.983465  53.096628
215.260422  52.928721
215.072922  53.041536
215.345473  52.874058
214.971323  53.099609
215.177666  52.974278
215.328028  52.883306
215.178695  52.970579
215.241540  52.932305
215.247207  52.927378
215.334294  52.873402
215.307639  52.888424
215.319851  52.879209
214.953162  53.100063
214.999925  53.073554
215.334630  52.869454
215.285507  52.897301
214.817459  53.178342
215.322048  52.874951
215.300921  52.885315
214.888173  53.132510
215.228845  52.928167
215.329315  52.865663
215.008066  53.058376
214.998947  53.063526
214.878293  53.132967
215.100036  52.998873
214.853731  53.147278
214.966135  53.079519
215.339920  52.853718
214.851774  53.144338
214.887394  53.122438
215.174776  52.949904
215.132505  52.972782
214.826467  53.157535
215.139128  52.966890
215.004786  53.040358
215.098292  52.982972
215.174972  52.936480
214.891500  53.101387
215.168358  52.936455
215.326511  52.839564
214.956327  53.064110
215.080339  52.987170
215.112032  52.964707
215.052922  53.002971
214.791810  53.158905
215.122896  52.959485
215.309412  52.844447
215.187522  52.917810
215.200408  52.910120
215.217560  52.899564
214.941460  53.065052
214.922069  53.072807
214.936902  53.065091
214.814200  53.136952
214.849496  53.116439
215.195460  52.910515
214.788688  53.150303
215.081508  52.978630
214.936361  53.060383
215.309988  52.834719
215.092716  52.963891
215.030991  53.001121
215.307300  52.831953
215.109161  52.951311
215.193918  52.900235
214.817041  53.126423
214.826452  53.120428
214.854265  53.104647
214.770327  53.152550
214.911378  53.069435
215.121766  52.941149
215.296126  52.838176
215.288134  52.839309
215.005513  53.011887
214.848047  53.103280
215.105061  52.949038
215.025498  52.996381
215.098257  52.951111
214.873877  53.086067
214.772909  53.148053
215.101679  52.945221
215.096292  52.945073
214.918687  53.035387
215.087500  52.949864
214.878245  53.075816
215.024919  52.986911
214.761778  53.143650
215.035252  52.980541
214.830349  53.103671
214.803113  53.118772
215.118794  52.928340
214.973500  53.015974
214.886628  53.067416
214.918686  53.052304
215.288064  52.824529
215.273033  52.833483
214.798396  53.117832
215.174473  52.891743
214.765506  53.135046
215.089018  52.940589
215.175970  52.888019
215.258677  52.839211
214.812984  53.104959
215.101431  52.932159
214.884166  53.062945
214.764290  53.133885
214.770455  53.129835
215.073500  52.947613
215.156064  52.896338
215.087519  52.939087
214.768377  53.129845
215.144566  52.902892
215.101410  52.929112
214.928851  53.032999
214.757821  53.133576
214.807341  53.103717
215.189349  52.873537
215.203947  52.864405
215.064081  52.948642
215.071428  52.945900
214.765181  53.126397
215.110390  52.918865
215.117728  52.915125
214.798995  53.103771
214.988722  52.990582
214.804466  53.100766
215.290595  52.806524
215.104483  52.917894
215.114950  52.911593
214.916261  53.030734
214.896358  53.042215
214.831005  53.080534
215.300569  52.797431
215.015299  52.969704
215.098249  52.917216
214.916073  53.028258
214.808728  53.091708
214.753684  53.124097
214.913867  53.028298
215.193914  52.863974
214.900861  53.033600
215.196418  52.856113
214.849557  53.064948
215.264584  52.811900
214.894708  53.035714
214.869928  53.049595
215.127783  52.892649
215.175072  52.883015
214.876847  53.044664
214.744136  53.121114
215.084106  52.917152
214.924351  53.013632
214.985005  52.972386
