214.929372  52.965070
215.210738  52.795952
214.756121  53.066904
215.195608  52.802306
214.779446  53.050635
214.702453  53.095509
214.938826  52.954303
214.780171  53.043144
214.758723  53.060098
215.097643  52.855598
215.106161  52.850351
215.155615  52.818383
215.104540  52.848130
215.239354  52.765067
214.912015  52.966155
215.209065  52.782272
214.734896  53.065275
214.967466  52.926286
214.696615  53.088641
214.818871  53.023293
214.734806  53.073372
214.790198  53.032867
214.786519  52.978560
215.047074  52.874852
214.780454  53.034077
215.137320  52.822013
214.836636  52.999861
214.712347  53.073212
214.758409  53.045003
215.087139  52.796626
214.862098  52.982569
214.704915  53.073763
215.201199  52.775477
214.957348  52.921463
214.697981  53.075458
215.116152  52.826618
215.202028  52.769661
215.108725  52.826280
214.833275  52.992204
214.779144  53.023099
215.072493  52.846555
214.769606  53.028250
215.188639  52.775970
214.829916  52.991222
215.111554  52.823291
214.894240  52.951982
215.188221  52.770653
214.784916  53.014073
214.829702  52.986742
214.719886  53.052269
214.977874  52.897045
214.719915  53.050919
215.157353  52.785641
214.831303  52.982846
215.206566  52.756591
215.090244  52.825502
215.165821  52.779089
214.657908  53.082792
214.692736  53.061099
215.151837  52.785185
214.782981  53.007135
214.766386  53.015721
215.137882  52.791916
214.804410  52.987620
214.650095  53.076833
215.004919  52.862025
214.985295  52.871398
214.796900  52.984956
214.869671  52.941323
214.745329  53.013960
214.883142  52.931642
214.697300  53.043854
215.158578  52.753219
214.911432  52.913985
214.677792  53.052097
214.737980  53.014765
214.654230  53.064198
214.859725  52.941103
214.643370  53.069520
215.201212  52.733528
215.146357  52.766123
214.914747  52.905496
214.694990  53.035467
215.131214  52.967575
215.039053  53.022355
214.958158  53.071452
215.346257  52.840937
215.239633  52.906146
215.090053  52.995470
215.303987  52.868039
215.330140  52.852895
215.313016  52.860500
215.209115  52.927672
215.243392  52.911402
215.355926  52.846319
215.096396  53.001700
215.202161  52.939056
215.357511  52.848612
215.226631  52.926420
215.298127  52.883982
215.090078  53.009048
215.105837  53.003471
214.903081  53.123244
215.348738  52.860412
215.358410  52.854664
214.870608  53.144385
215.011157  53.061392
215.191919  52.952922
215.012407  53.063006
215.314799  52.889233
215.076514  53.032603
215.390878  52.852595
215.394604  52.850752
215.376345  52.864367
215.396762  52.852939
215.369535  52.873132
215.378485  52.868544
214.966360  53.113859
215.394713  52.854966
215.376138  52.870580
215.157849  53.001061
215.354607  52.885578
215.253422  52.942803
215.313656  52.914992
214.950251  53.130293
215.163408  53.004014
215.405338  52.862379
214.945768  53.133613
215.033922  53.077357
215.180427  52.995985
215.056433  53.071528
215.029285  53.085251
214.959468  53.136623
215.339193  52.903695
215.416294  52.860210
215.176592  53.009581
215.408403  52.871709
214.967680  53.135251
215.163048  53.020107
215.240533  52.976388
215.197860  53.002620
