214.623631  52.739406
214.854502  52.601108
214.668026  52.713920
214.579705  52.766815
214.497020  52.816858
214.537492  52.793004
214.755016  52.662880
214.524712  52.802135
214.820490  52.622101
214.816013  52.626537
214.646732  52.730128
214.650012  52.728649
214.807658  52.634689
214.926028  52.563880
214.781227  52.651386
214.848110  52.610508
214.772338  52.656879
214.845112  52.614205
214.851621  52.610492
214.676062  52.718802
214.536586  52.802187
214.640504  52.740977
214.813606  52.634805
214.646795  52.737673
214.842652  52.620288
214.742545  52.681575
214.773611  52.662338
214.641372  52.742417
214.627057  52.751555
214.449222  52.858445
214.441727  52.863533
214.600140  52.767075
214.907771  52.583261
214.783905  52.659559
214.453797  52.861291
214.759708  52.679298
214.708335  52.709754
214.921280  52.582475
214.446676  52.866715
214.526463  52.820011
214.654382  52.742180
214.470046  52.854787
214.689668  52.723330
214.801861  52.655644
214.545376  52.810322
214.931015  52.568370
214.736739  52.696298
214.788073  52.665682
214.783850  52.664742
214.523664  52.824834
214.930231  52.582147
214.825177  52.643253
214.649030  52.752691
214.640541  52.757918
214.499383  52.842687
214.865971  52.622860
214.759029  52.687626
214.739564  52.697043
214.917308  52.591739
214.898046  52.604525
214.884739  52.612673
214.920723  52.592352
214.753518  52.694610
214.748742  52.698358
214.886688  52.615130
214.493659  52.850474
214.418102  52.894195
214.533231  52.823319
214.951385  52.577451
214.493755  52.852475
214.505459  52.844897
214.880582  52.620487
214.524249  52.835202
214.756140  52.698107
214.747266  52.704091
214.900221  52.612479
214.926526  52.597401
214.822562  52.661068
214.751972  52.704484
214.528289  52.837864
214.515921  52.846299
214.758244  52.696713
214.817598  52.667348
214.857515  52.640516
214.892201  52.622663
214.929520  52.597849
214.691164  52.748823
214.890300  52.629267
214.750475  52.713580
214.493095  52.870360
214.835787  52.666205
214.908896  52.622405
214.772589  52.705744
214.729888  52.732624
214.721572  52.736324
214.732491  52.731567
214.684239  52.762479
214.787530  52.701101
214.549209  52.844483
214.788666  52.701814
214.583846  52.825333
214.819548  52.684322
214.959401  52.600485
214.488012  52.885567
214.928260  52.621870
214.909241  52.634884
214.449930  52.910396
214.726672  52.746538
214.585766  52.828506
214.742681  52.738338
214.804350  52.701634
214.561913  52.846523
214.517117  52.871229
214.777276  52.720210
214.437646  52.923404
214.525453  52.871388
214.740384  52.743023
214.822598  52.693112
214.918207  52.640292
214.807166  52.707540
214.513715  52.883625
214.883764  52.662432
214.740566  52.750112
214.729527  52.757355
214.813386  52.707581
214.802031  52.710602
214.571721  52.855519
214.518610  52.889369
214.900797  52.659565
214.946444  52.633877
214.471113  52.919138
214.562166  52.865143
214.916976  52.649760
214.994379  52.606229
214.449299  52.932155
214.584265  52.853419
214.721551  52.771570
214.943734  52.639034
214.473447  52.920960
214.684665  52.795348
214.698283  52.786630
214.905759  52.663333
214.551043  52.875619
214.960315  52.631935
214.824682  52.715306
214.997301  52.611306
214.540632  52.881813
214.778751  52.745307
214.509428  52.906084
214.873131  52.690869
214.660291  52.819699
214.509651  52.909461
214.635549  52.836086
214.893865  52.681049
214.977666  52.627497
214.768692  52.759570
214.995987  52.626085
215.008126  52.619264
214.892339  52.683859
214.861954  52.707645
214.569508  52.883776
214.917959  52.674585
214.803379  52.744328
215.010082  52.620399
214.729930  52.789617
214.907176  52.683136
214.743002  52.782344
214.622399  52.852191
214.660112  52.833116
214.874701  52.705069
214.485692  52.937593
214.631871  52.850825
214.877034  52.706895
215.017551  52.622402
214.542497  52.907828
214.693188  52.817737
214.699515  52.814766
214.738012  52.792222
214.961146  52.654761
214.740809  52.791092
214.595124  52.878238
214.928435  52.679487
214.952483  52.665126
214.704248  52.810594
214.939139  52.672100
214.752183  52.788301
214.677988  53.041669
215.072940  52.804573
214.917391  52.897423
214.681052  53.037246
215.098175  52.785704
214.706177  53.019894
214.946060  52.876120
214.645961  53.054015
214.878876  52.914164
214.884489  52.910209
214.699945  53.019520
215.068637  52.797609
214.967139  52.857673
214.667098  53.037664
214.713847  53.008220
214.970644  52.853018
215.100300  52.775333
214.761301  52.977368
214.717010  53.009045
215.106343  52.769882
214.675585  53.027854
214.756611  52.978795
215.076086  52.786616
214.732947  52.992172
215.090837  52.776479
214.823547  52.936879
