213.899314  52.028159
213.656055  52.177150
213.446846  52.303305
213.458882  52.295876
213.843100  52.062341
213.976220  51.980146
213.790875  52.094046
213.695958  52.159226
213.948877  51.996699
213.884642  52.037809
213.928332  52.009152
213.713069  52.140296
213.572357  52.225757
213.710859  52.141571
213.978126  51.978388
213.425930  52.313130
213.930924  52.005964
213.831231  52.066260
213.497173  52.279410
213.423535  52.313623
213.580047  52.218451
213.743317  52.118688
213.734253  52.123852
213.429503  52.308124
213.450829  52.295027
213.589395  52.210944
213.775559  52.097129
213.673127  52.158975
213.454405  52.290889
213.435739  52.302710
213.769911  52.097754
213.499921  52.259710
213.569228  52.215955
213.656272  52.166208
213.620993  52.184619
213.494066  52.260957
213.660953  52.159715
213.903603  52.010082
213.657964  52.160000
213.422060  52.302969
213.589907  52.202402
213.632286  52.175505
213.638642  52.171502
213.944180  51.984357
213.876726  52.025628
213.618533  52.183155
213.583328  52.203002
213.575001  52.208058
213.812302  52.062986
213.765704  52.091585
213.531741  52.233801
213.587926  52.199622
213.419620  52.301086
213.559008  52.216524
213.888507  52.015321
213.488480  52.258216
213.630189  52.172188
213.761286  52.092309
213.476326  52.265282
213.959653  51.970086
213.522395  52.236668
213.535427  52.228392
213.833458  52.046642
213.518205  52.236843
213.483206  52.257786
213.706899  52.122181
213.576227  52.200707
213.899878  52.003156
213.893840  52.006801
213.501272  52.245337
213.578407  52.197804
213.706675  52.119604
213.611636  52.177268
213.870155  52.017260
213.894011  52.003065
213.601762  52.181044
213.735163  52.098671
213.657139  52.145790
213.558257  52.205317
213.640266  52.154494
214.225062  52.164529
213.429576  52.288977
213.940616  52.421811
213.819070  52.050004
213.450019  52.273851
214.091024  52.248429
214.044066  52.277010
214.158467  52.206552
214.218922  52.168849
214.204152  52.245998
214.264836  52.205468
214.303059  52.180227
214.295653  52.184382
213.876950  52.435067
213.850098  52.437788
214.243888  52.195716
214.095683  52.280017
213.845045  52.431257
214.047797  52.305884
214.169246  52.230792
214.256707  52.173596
214.229882  52.185568
214.262905  52.164750
214.192101  52.200210
214.056466  52.283362
214.143609  52.229948
213.887401  52.386371
214.176622  52.207333
214.215861  52.182151
214.167953  52.211149
213.867080  52.394681
214.150928  52.220175
214.104024  52.248959
214.176754  52.203267
214.193387  52.191695
213.933969  52.349302
214.074898  52.264486
214.105257  52.242224
213.787411  52.435163
214.162522  52.205597
214.158652  52.207948
214.105366  52.246263
214.114406  52.230822
214.086584  52.247817
214.165917  52.198865
214.044164  52.272706
214.134022  52.218574
213.786194  52.429274
214.184836  52.186034
214.182840  52.186340
214.036797  52.276146
213.759659  52.445068
214.011453  52.291758
214.096761  52.239018
214.045078  52.269960
213.733137  52.460122
213.896287  52.361599
213.706154  52.475947
213.711317  52.472588
214.184407  52.183624
213.798474  52.419141
214.172549  52.190389
214.211931  52.165603
213.713784  52.469092
214.060812  52.258152
214.103679  52.230903
213.737188  52.453659
213.893762  52.358725
214.049174  52.262443
213.931220  52.333688
214.054582  52.259212
214.192922  52.172690
213.939085  52.328906
214.170516  52.185670
213.738326  52.447706
213.718531  52.461449
213.818449  52.400711
214.128950  52.211995
214.097337  52.229008
213.751230  52.439835
214.053596  52.222279
214.121379  52.213226
214.172737  52.183019
213.803760  52.374667
213.891525  52.321492
213.735599  52.440472
214.075340  52.208645
214.143992  52.198185
213.922375  52.333670
214.099219  52.225481
214.194900  52.171373
214.084951  52.230324
214.183384  52.170922
214.181422  52.171682
214.072130  52.239388
213.811342  52.397966
213.758164  52.430910
213.963037  52.305375
213.693880  52.468558
213.846409  52.375081
214.182587  52.169368
213.792834  52.407960
213.965571  52.301156
213.739563  52.439007
213.755226  52.429546
213.841855  52.369530
213.849184  52.352797
213.845811  52.368320
213.703793  52.453648
214.068715  52.235243
213.993806  52.282195
214.200834  52.150234
214.019627  52.260255
214.170179  52.168325
213.676704  52.467661
213.743774  52.426791
213.798688  52.393429
213.855843  52.358670
214.016973  52.260174
214.195212  52.152003
214.014546  52.261600
213.787629  52.395602
214.018522  52.258197
213.775555  52.404829
214.150344  52.175758
213.854301  52.357107
213.794380  52.392952
213.869444  52.346929
213.876769  52.341022
214.044811  52.237977
213.823966  52.372036
214.097669  52.204520
213.693169  52.450195
213.953578  52.292500
213.912764  52.307068
213.731784  52.424851
213.996063  52.264706
214.106314  52.195135
214.052902  52.226881
213.915996  52.310768
213.773729  52.397307
213.741742  52.411083
213.870432  52.338540
214.187391  52.144187
213.928530  52.320113
214.053352  52.243562
213.817431  52.367487
213.887501  52.321194
213.711806  52.431266
213.799369  52.374855
213.721636  52.420854
214.081568  52.200982
213.871290  52.331954
214.063830  52.209227
214.149658  52.159071
213.938222  52.287794
214.058891  52.213966
213.817618  52.362039
213.783309  52.422834
213.708695  52.426824
213.796245  52.380324
213.739455  52.406327
214.174954  52.140117
213.975807  52.263371
