213.531235  52.048855
213.734446  51.929691
213.531751  52.053394
213.816792  51.877286
213.409171  52.127369
213.454253  52.102485
213.676537  51.967097
213.595298  52.016183
213.455234  52.104958
213.297592  52.200805
213.762625  51.918655
213.477249  52.093188
213.566440  52.040405
213.704682  51.956520
213.561258  52.044874
213.556064  52.048158
213.687600  51.964461
213.346560  52.175267
213.287504  52.212258
213.382378  52.156402
213.395162  52.146244
213.283411  52.217415
213.771573  51.921875
213.387345  52.157171
213.305197  52.204744
213.696006  51.965582
213.716891  51.956988
213.696029  51.970232
213.700407  51.965806
213.351116  52.178731
213.688984  51.973691
213.806460  51.907256
213.730929  51.953838
213.328249  52.198408
213.349560  52.185671
213.794050  51.910165
213.321581  52.202844
213.659876  51.998553
213.411390  52.153490
213.306803  52.216662
213.475455  52.115282
213.504941  52.098640
213.823382  51.907102
213.302440  52.225117
213.833723  51.902574
213.307088  52.221947
213.375214  52.183983
213.325956  52.213731
213.715447  51.979425
213.776357  51.939480
213.789280  51.926644
213.687905  51.999427
213.490518  52.119885
213.673378  52.010484
213.502220  52.114724
213.790820  51.939473
213.582675  52.069502
213.313369  52.230988
213.501155  52.120596
213.353212  52.209661
213.523985  52.106945
213.659882  52.022799
213.340270  52.218406
213.732878  51.980198
213.736541  51.981418
213.458570  52.149282
213.409360  52.181741
213.674591  52.020427
213.577634  52.080638
213.326434  52.233996
213.553941  52.094934
213.864221  51.907757
213.325829  52.235920
213.837347  51.924933
213.337201  52.231574
213.637409  52.050047
213.348242  52.225173
213.515283  52.124577
213.589343  52.079121
213.802395  51.950886
213.799924  51.954892
213.842021  51.929076
213.415592  52.190080
213.761882  51.979621
213.471307  52.157017
213.800372  51.958368
213.383178  52.214902
213.452767  52.175619
213.382991  52.217639
213.476966  52.158612
213.535574  52.126788
213.471830  52.165671
213.757062  51.993461
213.396876  52.212781
213.458167  52.176346
213.473739  52.161556
213.532349  52.131270
213.532553  52.125653
213.587221  52.101008
213.483531  52.162112
213.497569  52.153342
213.331677  52.257005
213.413362  52.210186
213.493426  52.162345
213.780159  51.988042
213.618586  52.087140
213.521030  52.147107
213.813109  51.966834
213.370930  52.237996
213.516095  52.150863
213.406003  52.217666
213.461846  52.184259
213.454707  52.188498
213.858935  51.942547
213.363741  52.244976
213.434104  52.196754
213.456658  52.185536
213.860386  51.945704
213.451407  52.195671
213.555823  52.132736
213.624035  52.092709
213.872324  51.942036
213.517078  52.160482
213.351223  52.259520
213.488681  52.175717
213.383252  52.243282
213.561317  52.136022
213.458323  52.200356
213.511131  52.170182
213.415104  52.229056
213.391600  52.243631
213.817857  51.987997
213.668735  52.076953
213.796277  51.994708
213.713274  52.052481
213.476803  52.194592
213.560129  52.145924
213.849694  51.969428
213.861634  51.962123
213.886440  51.946760
213.393658  52.247915
