214.110820  52.698044
214.085893  52.713878
214.289646  52.589644
214.177519  52.658081
214.203342  52.641679
214.493247  52.464222
214.542252  52.434455
214.339488  52.556607
214.546433  52.429666
214.278611  52.593019
214.330829  52.560160
214.081822  52.710500
214.272988  52.596712
214.296302  52.581694
214.099045  52.700622
214.607107  52.391692
214.484536  52.465984
214.590369  52.403852
214.457728  52.483424
214.361873  52.539177
214.548283  52.425707
214.417542  52.504690
214.446672  52.486255
214.302075  52.572740
214.122256  52.681124
214.351347  52.537354
214.084684  52.702162
214.501054  52.451561
214.393219  52.518582
214.607020  52.385843
214.104915  52.689930
214.552094  52.418130
214.148849  52.661287
214.292243  52.575393
214.276534  52.584596
214.119433  52.679245
214.267930  52.589548
214.438940  52.485762
214.277990  52.582912
214.612865  52.378101
214.381034  52.518601
214.187595  52.635098
214.566871  52.404352
214.060391  52.709477
214.160656  52.650471
214.416170  52.494248
214.185779  52.623123
214.294261  52.573252
214.370061  52.521311
214.331998  52.543763
214.319858  52.551345
214.244376  52.596993
214.086445  52.691581
214.615218  52.380226
214.092891  52.687334
214.475413  52.455769
214.215517  52.614771
214.550306  52.409538
214.340841  52.536331
214.567394  52.586611
214.538367  52.417025
214.411867  52.492924
214.472627  52.456030
214.171266  52.637360
214.276938  52.573613
214.532835  52.417768
214.089164  52.685412
214.347498  52.531607
214.300741  52.746810
214.343142  52.531093
214.116744  52.667529
214.454901  52.462839
214.573102  52.389476
214.490594  52.632232
214.140637  52.652491
214.091932  52.681671
214.142509  52.651930
214.346231  52.718797
214.055072  52.702873
214.076398  52.689724
214.340650  52.723063
214.351592  52.715968
214.450624  52.463537
214.093753  52.678642
214.418369  52.674471
214.292156  52.559296
214.226138  52.597575
214.408642  52.679547
214.558785  52.395516
214.055420  52.699375
214.368874  52.510765
214.546476  52.402756
214.582198  52.573453
214.429764  52.666920
214.416095  52.480554
214.516857  52.420384
214.430900  52.665701
214.331636  52.531805
214.289359  52.527275
214.420339  52.476778
214.407567  52.483035
214.348239  52.519366
214.547132  52.375056
214.047965  52.700038
214.128654  52.651195
214.228081  52.785344
214.333672  52.525957
214.521393  52.411464
214.577837  52.375850
214.483289  52.432903
214.351816  52.512817
214.389590  52.489291
214.444591  52.463778
214.563773  52.382189
214.044781  52.696238
214.166609  52.623286
214.464102  52.442025
214.030231  52.698810
214.459335  52.443849
214.544306  52.390844
214.384542  52.487945
214.535840  52.395742
214.094991  52.662408
214.529094  52.397385
214.089775  52.663612
214.133745  52.637131
214.481879  52.426309
214.274990  52.550803
214.201508  52.593741
214.151812  52.623415
214.079431  52.666983
214.436042  52.450706
214.577291  52.367016
214.560504  52.374715
214.236338  52.564314
214.519336  52.398681
214.119317  52.640627
214.162949  52.613096
214.103617  52.648336
214.270931  52.545327
214.387824  52.473747
214.529713  52.386328
214.549331  52.374634
214.384670  52.475672
214.712562  52.593788
214.466848  52.417743
214.347869  52.493651
214.505780  52.392980
214.261753  52.543557
214.816916  52.560153
214.592681  52.667218
214.735401  52.579163
214.573815  52.703480
214.670729  52.645470
214.696028  52.631656
214.805404  52.562522
214.798440  52.539356
214.652396  52.656112
214.535644  52.725373
214.696395  52.626928
214.612566  52.551555
214.639035  52.662120
214.307755  52.838191
214.368209  52.699856
214.674312  52.638660
214.783994  52.571367
214.525719  52.728319
214.830137  52.541988
214.719683  52.606186
214.402336  52.798106
214.659805  52.640117
214.622564  52.662543
214.830692  52.535820
214.452220  52.766804
214.516615  52.726046
214.363204  52.820595
214.526953  52.722956
214.747875  52.585402
214.371832  52.813794
214.440151  52.772182
214.832819  52.529724
214.369749  52.813899
214.501839  52.733616
214.437660  52.771738
214.499072  52.733819
214.622561  52.673653
214.669439  52.629244
214.489173  52.727642
214.536275  52.710616
214.516912  52.712999
214.508345  52.725349
214.758683  52.570492
214.409565  52.673190
214.073155  52.654477
214.482349  52.740192
214.470882  52.746897
214.605282  52.665911
214.528285  52.710753
214.490250  52.732009
214.719934  52.592507
214.738263  52.580454
214.697971  52.604192
214.473341  52.699239
214.779395  52.523004
214.776715  52.527797
214.661544  52.604050
214.477503  52.720840
214.828828  52.511618
214.469498  52.736471
214.765244  52.574974
214.654559  52.649292
214.437882  52.782239
214.350872  52.835284
214.403161  52.804643
214.503882  52.746948
214.371430  52.827846
214.869546  52.529836
214.564110  52.713721
214.627746  52.675956
214.351183  52.840845
214.333750  52.851569
214.476345  52.770656
214.421979  52.803587
214.408051  52.814724
214.577289  52.716014
214.730028  52.623869
214.871708  52.539781
214.467874  52.780641
214.721926  52.628581
214.539370  52.739677
214.831300  52.563953
214.646151  52.676020
214.497615  52.765941
214.507111  52.760725
214.504641  52.761897
214.521452  52.751989
214.330101  52.862190
214.525404  52.748016
214.726626  52.631872
214.385637  52.840146
214.600155  52.712424
214.435698  52.810754
214.720857  52.641615
214.596490  52.717881
214.592949  52.718363
