213.914554  52.155839
213.820383  52.212507
213.675799  52.310982
213.858889  52.190579
214.070694  52.058824
213.533052  52.385106
213.765635  52.244414
213.894522  52.164440
213.686073  52.290901
213.549409  52.379901
213.607881  52.336564
213.551180  52.370678
213.584981  52.349823
214.062854  52.058391
213.593665  52.344432
213.629858  52.321851
213.821455  52.205230
213.533179  52.379238
213.548448  52.368377
213.590417  52.342591
213.802309  52.213974
213.736309  52.254069
213.701312  52.274682
213.818738  52.200552
213.911909  52.143765
213.654148  52.299219
213.918088  52.136323
213.969774  52.104037
213.931356  52.127609
213.820060  52.195050
213.757788  52.232677
213.652330  52.296517
213.762742  52.229567
213.715904  52.257636
213.636027  52.304843
213.928504  52.125285
213.546433  52.357685
213.572154  52.340964
213.544359  52.355434
213.795057  52.202941
213.658115  52.285468
213.641112  52.295313
213.544148  52.352877
213.961666  52.099657
213.649309  52.289974
214.052022  52.043391
213.787360  52.205783
213.886064  52.145608
213.639582  52.295526
213.570957  52.336611
213.650228  52.321958
213.784651  52.206486
213.635588  52.296649
213.812944  52.189108
213.959752  52.098046
213.613275  52.308364
213.862214  52.155261
213.946741  52.102833
213.653224  52.279728
213.531260  52.353394
213.664170  52.272694
213.693325  52.254750
213.924281  52.113043
213.701575  52.249091
213.745515  52.220640
213.664908  52.268228
213.623791  52.293429
213.974804  52.122223
213.830556  52.165611
213.634444  52.286903
213.930012  52.103396
213.530104  52.344220
213.768406  52.199651
213.794450  52.182558
213.885588  52.126788
213.889848  52.123343
213.786062  52.186918
213.587355  52.307629
213.952457  52.084880
213.958546  52.132280
213.771275  52.195460
213.566506  52.319117
213.947591  52.085441
213.592931  52.302349
213.936086  52.092500
213.571745  52.313653
213.538360  52.333470
213.864679  52.134306
213.778019  52.186658
213.875632  52.125817
213.548456  52.323138
213.516265  52.343028
213.767319  52.190777
214.039010  52.023831
213.736071  52.208582
213.755202  52.196918
213.932833  52.087571
213.791573  52.174068
213.801238  52.167354
214.027712  52.028108
213.539815  52.325779
213.720462  52.213586
213.612531  52.279771
213.712419  52.218054
213.587432  52.293515
213.584760  52.294400
213.661417  52.248441
214.040988  52.016022
213.992405  52.044870
213.735501  52.200244
213.845996  52.132408
213.580109  52.294225
213.709019  52.216361
213.542680  52.316003
213.952596  52.066505
213.712354  52.213346
213.718871  52.209419
214.035711  52.015028
213.817413  52.148952
213.906411  52.093618
213.592444  52.283977
213.500937  52.339064
213.530804  52.319618
213.574985  52.292616
213.872870  52.110691
213.613972  52.267583
213.836301  52.131904
213.787851  52.161241
213.645232  52.248485
213.708332  52.209746
213.811908  52.145756
213.632279  52.255090
213.781117  52.164685
213.802632  52.151468
214.010586  52.023390
213.817933  52.141402
213.529595  52.316283
213.928901  52.073088
213.833217  52.130995
213.545098  52.305989
213.828735  52.132068
213.540884  52.307226
213.985149  52.036077
213.572442  52.287236
213.898168  52.090619
213.548101  52.299264
213.869874  52.102968
213.838832  52.121312
213.878567  52.096917
213.935842  52.060845
213.474514  52.342478
213.634128  52.249174
213.711122  52.203153
213.841342  52.112448
213.922227  52.062012
214.009209  52.020350
213.916063  52.064263
213.755988  52.162083
213.935687  52.052018
213.774595  52.153985
213.908450  52.068861
213.996400  52.012511
213.519483  52.304293
213.776536  52.156289
213.875949  52.086288
213.460366  52.338086
213.712349  52.191727
213.573778  52.267959
213.617427  52.241091
213.681925  52.200938
213.672877  52.207022
213.662243  52.212451
213.907358  52.062454
213.857739  52.095762
213.483217  52.319606
213.573813  52.279068
213.551336  52.287878
213.499478  52.306977
214.013952  52.010230
213.503892  52.304347
213.614817  52.236966
213.570100  52.263643
213.673276  52.200991
213.638506  52.222172
213.521277  52.292322
213.772773  52.139554
213.615160  52.234680
213.551340  52.291820
213.847724  52.092409
213.933128  52.039998
213.840593  52.095442
213.908014  52.053931
213.922718  52.044348
213.944441  52.031125
213.599725  52.241046
213.741932  52.154202
213.663781  52.199355
213.930775  52.033614
213.905207  52.048663
213.557525  52.259971
213.550749  52.262978
213.890134  52.056917
213.747798  52.144353
213.844633  52.084479
213.655089  52.204728
213.896412  52.051464
213.790009  52.118607
213.885384  52.055806
213.925132  52.030144
213.944793  52.018994
213.934833  52.027571
213.930955  52.026302
213.581899  52.242448
213.505121  52.288372
213.738994  52.143232
213.735622  52.144708
213.847931  52.075053
213.590274  52.231969
213.436862  52.324101
213.966146  52.001827
213.512516  52.278028
213.879760  52.055219
213.665984  52.184527
213.824596  52.087292
213.774150  52.117672
213.803315  52.100274
213.590699  52.229096
213.611093  52.216280
213.681869  52.173203
213.475731  52.306386
213.935255  52.017325
213.686284  52.167384
213.729264  52.138740
213.569309  52.237343
213.645919  52.188110
213.928983  52.015051
213.751148  52.123302
213.969115  51.989363
213.692621  52.158215
213.566336  52.234913
213.914709  52.022587
213.630316  52.197802
213.494322  52.277013
213.919122  52.016729
213.672659  52.167000
