215.135523  53.207725
215.170599  53.183562
215.330831  53.097167
215.243274  53.154500
215.482500  53.016283
215.435249  53.049071
215.171592  53.207196
215.245217  53.167195
215.090641  53.270669
215.319446  53.135158
215.202528  53.210402
215.189003  53.218163
215.169395  53.242358
215.322557  53.152453
215.266920  53.187155
215.254378  53.341503
215.518685  53.184235
215.502507  53.190457
215.560141  53.150474
215.393728  53.248464
215.714355  53.054917
215.550489  53.148645
215.169839  53.369204
215.352260  53.259394
215.658494  53.066049
215.409323  53.198839
215.267436  53.283036
215.298371  53.264781
215.435841  53.172787
215.648773  53.035513
215.625890  53.043723
215.463545  53.127711
215.616688  53.029869
215.648444  53.010088
215.123372  53.320635
215.598739  53.033781
215.329574  53.185895
215.539251  53.057829
215.623978  53.003783
215.462091  53.099455
215.461500  53.094667
215.429495  53.112120
215.480201  53.076115
215.262166  53.198862
215.449928  53.082676
215.437004  53.089612
215.499423  53.052228
215.091786  53.292866
