215.281983  53.444053
215.715711  53.184581
215.534441  53.290484
215.728631  53.170430
215.397072  53.364825
215.408334  53.361092
215.768210  53.142967
215.512376  53.292468
215.471574  53.315887
215.546231  53.268013
215.466752  53.314058
215.570630  53.247981
215.729498  53.154538
215.585080  53.241931
215.727812  53.127819
215.571598  53.240770
215.458973  53.310664
215.259745  53.424375
215.765870  53.122646
215.485530  53.284948
215.300530  53.394325
215.809206  53.087118
215.648844  53.180097
215.746637  53.112952
215.711599  53.131683
215.291826  53.379397
215.320889  53.359876
215.650467  53.156423
215.652004  53.158150
215.613282  53.175907
215.752087  53.095559
215.715301  53.106966
215.483422  53.240437
215.213963  53.399807
215.494856  53.221619
215.256891  53.361493
215.552627  53.183181
215.302462  53.330119
215.387871  53.280764
213.377085  52.026681
213.538653  51.939148
213.526227  51.951107
213.544109  51.944027
213.534143  51.954866
213.738235  51.827967
213.275603  52.115239
213.442770  52.015369
213.251983  52.132144
213.188000  52.167525
