214.168604  52.118598
213.782074  52.354695
213.735764  52.377246
213.826359  52.325124
213.830531  52.313350
213.986662  52.218197
213.978621  52.221899
213.969956  52.229491
213.640615  52.422506
213.767214  52.348285
214.043407  52.170166
214.131670  52.113425
214.150968  52.120720
213.773199  52.343292
213.647978  52.407383
213.619171  52.423145
213.589385  52.376773
213.642123  52.408673
214.050032  52.167262
213.976207  52.196129
213.777361  52.320138
213.646623  52.396791
213.649962  52.389421
213.661704  52.379559
214.105432  52.105779
213.888310  52.235069
214.057733  52.133144
213.732017  52.326368
213.951509  52.192295
213.787120  52.291454
213.712447  52.334938
213.731661  52.318851
213.712568  52.330911
213.715619  52.327197
213.700334  52.335537
213.955683  52.180338
213.825734  52.258159
213.574658  52.411010
213.951542  52.175897
213.962657  52.167775
214.072147  52.099701
213.796233  52.263876
213.901849  52.194707
213.692353  52.322280
213.861355  52.218825
214.023236  52.118421
214.112538  52.063296
213.745938  52.287073
214.043543  52.102893
