213.578407  52.197804
213.706675  52.119604
213.611636  52.177268
213.870155  52.017260
213.894011  52.003065
213.640266  52.154494
214.225062  52.164529
213.429576  52.288977
213.940616  52.421811
213.450019  52.273851
214.091024  52.248429
214.044066  52.277010
214.158467  52.206552
214.218922  52.168849
214.264836  52.205468
214.303059  52.180227
214.295653  52.184382
213.876950  52.435067
213.850098  52.437788
214.095683  52.280017
213.845045  52.431257
214.047797  52.305884
214.169246  52.230792
214.256707  52.173596
214.229882  52.185568
214.262905  52.164750
214.192101  52.200210
214.143609  52.229948
213.887401  52.386371
214.176622  52.207333
214.167953  52.211149
213.867080  52.394681
214.150928  52.220175
214.104024  52.248959
214.176754  52.203267
214.074898  52.264486
214.105257  52.242224
213.787411  52.435163
214.105366  52.246263
214.114406  52.230822
214.086584  52.247817
214.044164  52.272706
214.134022  52.218574
213.786194  52.429274
214.184836  52.186034
214.182840  52.186340
213.759659  52.445068
214.011453  52.291758
214.096761  52.239018
214.045078  52.269960
213.733137  52.460122
213.896287  52.361599
213.706154  52.475947
213.711317  52.472588
213.798474  52.419141
214.103679  52.230903
213.893762  52.358725
213.931220  52.333688
214.054582  52.259212
214.192922  52.172690
213.939085  52.328906
214.170516  52.185670
213.738326  52.447706
213.718531  52.461449
213.818449  52.400711
214.128950  52.211995
214.097337  52.229008
213.751230  52.439835
214.172737  52.183019
213.891525  52.321492
213.735599  52.440472
214.075340  52.208645
214.143992  52.198185
213.922375  52.333670
214.099219  52.225481
214.084951  52.230324
214.072130  52.239388
213.963037  52.305375
213.693880  52.468558
214.182587  52.169368
213.965571  52.301156
213.739563  52.439007
213.841855  52.369530
213.849184  52.352797
214.068715  52.235243
214.200834  52.150234
214.170179  52.168325
213.676704  52.467661
213.743774  52.426791
213.798688  52.393429
213.855843  52.358670
214.016973  52.260174
214.195212  52.152003
214.014546  52.261600
214.018522  52.258197
213.854301  52.357107
213.869444  52.346929
214.097669  52.204520
213.693169  52.450195
213.953578  52.292500
213.996063  52.264706
214.106314  52.195135
213.915996  52.310768
213.773729  52.397307
213.741742  52.411083
214.187391  52.144187
214.053352  52.243562
213.887501  52.321194
213.711806  52.431266
213.721636  52.420854
214.081568  52.200982
213.871290  52.331954
214.063830  52.209227
213.938222  52.287794
213.817618  52.362039
213.739455  52.406327
213.975807  52.263371
214.041607  52.217467
213.675356  52.455158
213.666970  52.451407
213.988815  52.253440
213.967612  52.237764
213.953002  52.274581
213.757705  52.394378
213.879697  52.317828
214.145828  52.154442
214.161749  52.142436
213.727519  52.382589
213.706461  52.425644
214.010437  52.234944
214.027832  52.220682
213.877594  52.290097
214.098095  52.178989
214.013226  52.271862
214.143007  52.126088
213.930772  52.275395
213.705148  52.410887
214.137521  52.149187
214.181741  52.102287
213.792126  52.402635
213.798141  52.353117
