215.838320  53.280350
215.664505  53.382197
215.423989  53.251739
215.315173  53.317669
215.608203  53.413649
215.378509  53.281946
215.184333  53.393513
215.607706  53.141371
215.262467  53.346417
215.660024  53.380837
215.897919  53.238148
215.805734  53.291855
215.605252  53.410360
215.910482  53.216447
215.630258  53.389365
215.848678  53.258847
215.355341  53.287039
215.524036  53.449472
215.623131  53.392696
215.912938  53.216463
215.611793  53.397697
215.754338  53.311036
215.765735  53.303979
215.905193  53.214439
215.919553  53.206437
215.419485  53.252079
215.588333  53.408986
215.779204  53.288977
215.627555  53.379040
215.616481  53.386517
215.662112  53.357089
215.833902  53.253686
215.344433  53.293433
215.676652  53.348171
215.871125  53.229958
215.476869  53.223741
215.644795  53.367898
215.519168  53.448865
215.615597  53.380685
215.934999  53.189665
215.747134  53.301117
215.821275  53.256368
215.667124  53.347120
215.621922  53.373449
215.807429  53.261216
215.420832  53.257714
215.193198  53.391320
215.685783  53.330537
215.610730  53.373725
215.857073  53.225944
215.299600  53.328653
215.620546  53.366435
215.582697  53.159939
215.609941  53.363235
215.598331  53.367705
215.388319  53.490391
215.749172  53.271137
215.676778  53.313663
215.592913  53.366420
215.923387  53.165044
215.582717  53.373864
215.425585  53.462299
215.857985  53.203451
215.448935  53.446303
215.409751  53.476500
215.888748  53.187735
215.356748  53.498019
215.787537  53.238805
215.663489  53.313945
215.574011  53.361290
215.673261  53.302113
215.764030  53.242839
215.708444  53.275468
215.505868  53.395274
215.736782  53.255811
215.827941  53.199436
215.344264  53.488269
215.450182  53.423827
215.464736  53.415776
215.906587  53.148717
215.397431  53.460181
215.754716  53.239158
215.864623  53.170544
215.765761  53.235823
215.802190  53.207428
215.443357  53.419468
215.438873  53.424549
215.817421  53.197438
215.503456  53.382474
215.587347  53.332157
215.787510  53.214597
215.613315  53.317211
215.605020  53.321283
215.901571  53.142984
215.482788  53.391163
215.862203  53.161430
215.817806  53.188050
215.586243  53.327052
215.714898  53.253169
215.774181  53.214332
215.649849  53.267999
215.873429  53.153162
215.694642  53.264591
215.831733  53.178383
215.805014  53.193359
215.812180  53.187914
215.325773  53.478947
215.763409  53.216301
215.888607  53.140482
215.875816  53.147592
215.606349  53.310938
215.427593  53.415717
215.809751  53.186308
215.353015  53.457756
215.603063  53.309636
215.390371  53.436019
215.768213  53.213441
215.448766  53.398846
215.440258  53.404498
215.889596  53.134335
215.776994  53.204314
215.353913  53.455206
215.883650  53.137011
215.532557  53.349445
215.874917  53.144071
215.837538  53.164354
215.555320  53.335686
215.562572  53.326676
215.777515  53.201359
215.877506  53.135202
215.579512  53.313683
215.659341  53.270973
215.582710  53.309914
215.315888  53.467934
215.762192  53.197948
215.547831  53.330803
215.874013  53.132548
215.415565  53.407101
215.438524  53.392639
215.577363  53.309796
215.825092  53.159520
215.388310  53.422507
215.732080  53.213185
215.812972  53.165256
215.835444  53.149615
215.400471  53.409383
215.579170  53.302462
215.728383  53.212001
215.840692  53.144494
215.396115  53.409182
215.320457  53.454039
215.315081  53.456934
215.728361  53.209592
215.773153  53.182896
215.594353  53.289613
215.656145  53.248560
215.849909  53.131150
215.459984  53.376121
215.652096  53.251301
215.735454  53.198936
215.569026  53.296862
215.424478  53.376841
215.576675  53.291175
215.402031  53.395120
215.760857  53.180874
215.825870  53.141428
215.812691  53.149265
215.696547  53.219026
215.783619  53.165619
215.568023  53.295469
215.297085  53.459882
215.718626  53.203789
215.402883  53.391578
215.786956  53.175446
215.730869  53.196906
215.740323  53.185496
215.508061  53.324228
215.756361  53.175229
215.679169  53.220608
215.650507  53.238575
215.714207  53.199308
215.375538  53.400568
215.575645  53.277585
215.665922  53.225096
215.322751  53.428304
215.734498  53.184936
215.278894  53.442195
215.846133  53.114257
215.734316  53.181158
215.379716  53.391422
215.783260  53.150596
215.485058  53.328028
215.390239  53.382252
215.393219  53.379789
215.459111  53.340491
215.756395  53.161269
215.475357  53.330750
215.281983  53.444053
215.606150  53.251096
215.600555  53.255611
215.715711  53.184581
215.773908  53.147370
215.534441  53.290484
215.732324  53.171841
215.591758  53.254602
215.728631  53.170430
215.736731  53.164218
215.286787  53.430447
215.397072  53.364825
215.408334  53.361092
215.394243  53.369191
215.768210  53.142967
