215.271863  53.437138
215.512376  53.292468
215.438844  53.338951
215.445187  53.331329
215.471574  53.315887
215.745394  53.154088
215.596216  53.239631
215.424929  53.345944
215.546231  53.268013
215.411125  53.349008
215.797628  53.115504
215.553531  53.262357
215.466752  53.314058
215.302699  53.411165
215.404458  53.350349
215.570630  53.247981
215.249579  53.413104
215.729498  53.154538
215.689984  53.175478
215.585080  53.241931
215.793016  53.114088
215.727812  53.127819
215.571598  53.240770
215.252285  53.435039
215.458973  53.310664
215.817343  53.095063
215.726550  53.148512
215.630711  53.205738
215.286573  53.409908
215.259745  53.424375
215.765870  53.122646
215.485530  53.284948
215.248389  53.433853
215.245316  53.426968
215.602145  53.214309
215.300530  53.394325
215.674244  53.169457
215.642250  53.201344
215.392529  53.351054
215.809206  53.087118
215.455213  53.307847
215.394601  53.334534
215.246738  53.421958
215.444150  53.303309
215.303315  53.386235
215.648844  53.180097
215.358819  53.351270
215.739940  53.127120
215.460475  53.286371
215.760115  53.105892
215.546016  53.234780
215.518492  53.251083
215.746637  53.112952
215.797095  53.082399
215.297837  53.380485
215.721090  53.128153
215.547558  53.232925
215.703579  53.136825
215.558871  53.222908
215.400962  53.316934
215.329683  53.359671
215.711599  53.131683
215.291826  53.379397
215.257420  53.399269
215.288263  53.380248
215.320889  53.359876
215.653290  53.162981
215.697897  53.135394
215.291265  53.377773
215.237372  53.409183
215.682152  53.143321
215.708188  53.127046
215.662499  53.153936
215.728457  53.103975
215.646603  53.161285
215.373302  53.322996
215.650467  53.156423
215.295373  53.368947
215.468154  53.265395
215.718352  53.114892
215.641919  53.160453
215.652004  53.158150
215.747779  53.096168
215.347045  53.335310
215.613282  53.175907
215.339476  53.340970
215.358943  53.326716
215.408545  53.297006
215.752087  53.095559
215.349181  53.329072
215.715301  53.106966
215.627769  53.156908
215.407845  53.289209
215.336823  53.328981
215.442745  53.245174
215.483422  53.240437
215.213963  53.399807
215.314129  53.339817
215.458991  53.235501
215.431881  53.267766
215.269297  53.363919
215.659642  53.132226
215.368984  53.304719
215.419778  53.273889
215.490837  53.228282
215.250849  53.371252
215.246163  53.372095
215.316196  53.330096
215.199128  53.398914
215.494856  53.221619
215.412823  53.269662
215.491860  53.222404
215.256891  53.361493
215.470401  53.234801
215.560962  53.179152
215.552627  53.183181
215.191261  53.397818
215.240350  53.368428
215.302462  53.330119
215.387871  53.280764
213.377085  52.026681
213.194929  52.137365
213.558581  51.918015
213.701722  51.833560
213.266450  52.099288
213.540201  51.935399
213.720849  51.825665
213.535189  51.939877
213.538653  51.939148
213.528217  51.946890
213.371352  52.042424
213.280012  52.097434
213.566842  51.926496
213.326549  52.070628
213.619526  51.894616
213.523592  51.954521
213.649296  51.880091
213.615756  51.901493
213.526227  51.951107
213.479991  51.985278
213.507775  51.968624
213.544109  51.944027
213.496381  51.977356
213.401938  52.034864
213.246104  52.129186
213.534143  51.954866
213.738235  51.827967
213.533527  51.956324
213.458620  52.001386
213.294344  52.101821
213.264632  52.120122
213.402074  52.037317
213.275603  52.115239
213.317458  52.089826
213.625348  51.903554
213.442770  52.015369
213.662181  51.882588
213.551449  51.950137
213.598861  51.918746
213.692983  51.863029
213.610355  51.914709
213.251983  52.132144
213.188000  52.167525
213.405748  52.040964
213.517678  51.972069
213.647829  51.892432
213.515833  51.975242
213.705795  51.859114
213.249486  52.136231
213.432319  52.026725
213.684269  51.872361
213.396892  52.047007
213.305721  52.103734
213.550217  51.956264
213.589552  51.933177
213.435221  52.026447
213.698990  51.866655
213.730852  51.845784
213.437896  52.027365
213.216826  52.160785
213.693773  51.870658
213.547917  51.962740
213.597956  51.932443
213.420706  52.043763
213.589697  51.934999
213.430669  52.038038
213.654755  51.901833
213.423660  52.039541
213.609669  51.928836
213.491187  52.001864
213.603525  51.932651
213.308881  52.111418
213.322719  52.104576
213.688804  51.876110
213.595190  51.935074
213.737477  51.853117
213.650615  51.906853
213.559625  51.963571
213.307659  52.114594
213.286861  52.121545
213.513357  51.992522
213.523072  51.985927
213.536557  51.979597
213.639916  51.918211
213.635286  51.920810
213.234807  52.165097
213.544820  51.978695
213.536468  51.985275
213.656281  51.911577
213.712516  51.878904
213.551424  51.975676
213.614662  51.938481
213.589159  51.956440
