215.019583  53.106549
215.176386  53.016282
214.999607  53.121130
214.957775  53.134842
215.142319  53.038974
215.060939  53.087434
215.122916  53.050688
214.930785  53.159918
214.978694  53.138082
214.935202  53.164232
215.205533  53.005767
215.425651  52.873920
214.874912  53.199810
215.245533  52.984557
215.010697  53.124825
215.160935  53.038437
215.186759  53.022863
215.239121  52.992885
215.368193  52.916685
214.882270  53.205334
214.975727  53.151227
214.893071  53.198126
215.009874  53.133437
215.390120  52.907272
215.134827  53.060523
215.429235  52.888598
215.437161  52.884087
215.173425  53.041499
215.233233  53.007129
214.897252  53.206042
215.339037  52.943373
215.182180  53.037817
215.179325  53.040707
215.398385  52.913181
215.346192  52.944365
215.387890  52.921126
215.363550  52.933153
215.042075  53.127236
214.997678  53.153029
215.269014  53.000649
214.989712  53.161062
214.968229  53.177780
215.405539  52.921594
214.994598  53.167531
215.393904  52.931125
215.348386  52.959143
215.111913  53.100451
214.975301  53.182105
215.418404  52.920576
215.097669  53.113035
215.386447  52.941717
215.442203  52.909847
215.343516  52.970592
215.134607  53.098565
214.959825  53.206086
215.355531  52.969031
215.334982  52.983800
215.363876  52.966791
215.426167  52.931958
215.362136  52.973721
215.108764  53.125724
215.192005  53.076896
215.243852  53.046856
215.059997  53.151594
215.056344  53.156624
215.000489  53.193630
215.170065  53.093778
215.384239  52.958497
215.381508  52.971011
215.206096  53.076234
215.158774  53.104608
215.375872  52.976641
215.171536  53.097455
215.171437  53.100032
215.231143  53.061120
215.355398  52.992566
215.501084  52.906608
215.379569  52.982292
215.027187  53.192007
215.146487  53.116438
215.361358  52.991356
215.500192  52.911946
215.338155  53.007550
214.965836  53.225924
215.151259  53.121504
215.273629  53.050356
214.982278  53.223238
214.952001  53.241812
215.327874  53.021355
215.218497  53.079056
215.290938  53.045868
215.344369  53.014766
214.969661  53.238093
215.035744  53.200542
214.966422  53.243102
215.030002  53.205969
215.228824  53.086746
215.208115  53.100768
215.347870  53.017848
215.283874  53.057684
215.316686  53.039570
214.991703  53.234078
215.205236  53.109665
215.386683  53.002255
215.049418  53.202869
215.471682  52.952081
215.202514  53.106587
215.224545  53.102218
215.313327  53.050290
215.006375  53.228399
215.435879  52.978132
215.406450  52.998466
215.217794  53.110464
214.984353  53.252136
215.250325  53.093224
215.493155  52.951887
215.169003  53.144889
215.172357  53.144796
215.162118  53.150719
215.009451  53.241631
215.357724  53.037424
215.172837  53.148019
215.029462  53.234962
215.476448  52.969779
215.235653  53.113644
215.375069  53.030927
215.486558  52.964373
215.193074  53.138400
215.142585  53.169182
215.081595  53.207962
215.339093  53.055257
214.993428  53.261310
215.263924  53.102271
215.401182  53.020490
215.510894  52.955864
215.209943  53.136683
215.365639  53.042049
215.325811  53.068142
215.252227  53.111942
215.363368  53.047976
215.432750  53.008541
