213.931247  52.454335
213.941368  52.450128
214.258220  52.260694
213.930241  52.459737
214.126293  52.341439
214.203952  52.293995
214.120671  52.352997
213.949113  52.457054
213.930978  52.469917
214.301709  52.247332
214.027713  52.413805
214.036545  52.415047
214.270527  52.273431
214.266139  52.275383
214.350328  52.225143
214.076074  52.395158
214.086325  52.392671
214.329847  52.245385
214.239544  52.302957
214.320011  52.258114
214.121161  52.385317
214.356276  52.237896
214.140200  52.376905
214.062221  52.427081
214.181491  52.350689
214.295516  52.290959
214.396558  52.232248
213.973670  52.489616
214.252867  52.321837
214.187870  52.363264
214.103922  52.416681
214.143811  52.393096
214.261545  52.323417
214.065647  52.442578
214.156847  52.388534
214.183234  52.371962
214.298528  52.308524
214.406311  52.243667
214.283316  52.323734
214.254068  52.342149
213.971505  52.512823
214.148563  52.405428
213.988925  52.502369
214.177550  52.390178
214.224902  52.363777
214.373469  52.274861
214.398961  52.263730
214.314117  52.320780
214.345300  52.300661
