214.613765  52.705133
214.798420  52.600461
214.560753  52.744077
214.762569  52.623128
214.789915  52.607112
214.388403  52.846383
214.836185  52.580630
214.743787  52.636847
214.790621  52.609965
214.357633  52.864073
214.626355  52.705802
214.785666  52.614523
214.720117  52.654537
214.820110  52.595664
214.826841  52.578725
214.761874  52.632851
214.355917  52.876236
214.666415  52.692057
214.575927  52.746331
214.375069  52.866424
214.812779  52.605939
214.782054  52.625470
214.411689  52.847484
214.368888  52.871228
214.655439  52.704689
214.627147  52.721773
214.787436  52.627625
214.406178  52.856057
214.832986  52.602387
214.731918  52.663534
214.774087  52.638396
214.796830  52.625893
214.537626  52.780258
214.849702  52.594123
214.645094  52.717847
214.478323  52.818414
214.814226  52.617356
214.638404  52.723130
214.726791  52.672040
214.592022  52.753053
214.728837  52.669173
214.694088  52.692168
214.812456  52.621519
214.818020  52.618153
214.543449  52.780779
214.832991  52.608969
214.540036  52.784685
214.712277  52.680518
214.715057  52.682104
214.723085  52.679157
214.697509  52.694706
214.861545  52.596371
214.623631  52.739406
214.854502  52.601108
214.668026  52.713920
214.579705  52.766815
214.497020  52.816858
214.537492  52.793004
214.755016  52.662880
214.524712  52.802135
214.416480  52.863632
214.820490  52.622101
214.816013  52.626537
214.646732  52.730128
214.650012  52.728649
214.807658  52.634689
214.821122  52.627092
214.926028  52.563880
214.781227  52.651386
214.848110  52.610508
214.772338  52.656879
214.845112  52.614205
214.851621  52.610492
214.873884  52.598297
214.676062  52.718802
214.536586  52.802187
214.640504  52.740977
214.813606  52.634805
214.536309  52.803508
214.646795  52.737673
214.842652  52.620288
214.742545  52.681575
214.551195  52.795526
214.773611  52.662338
214.641372  52.742417
214.627057  52.751555
214.449222  52.858445
214.441727  52.863533
214.600140  52.767075
214.907771  52.583261
214.783905  52.659559
214.453797  52.861291
214.759708  52.679298
214.708335  52.709754
214.921280  52.582475
214.446676  52.866715
214.526463  52.820011
214.727799  52.700479
214.654382  52.742180
214.470046  52.854787
214.689668  52.723330
214.801861  52.655644
214.545376  52.810322
214.931015  52.568370
214.736739  52.696298
214.788073  52.665682
214.783850  52.664742
214.523664  52.824834
214.769353  52.678555
214.930231  52.582147
214.825177  52.643253
214.649030  52.752691
214.640541  52.757918
214.499383  52.842687
214.865971  52.622860
214.759029  52.687626
214.739564  52.697043
214.917308  52.591739
214.898046  52.604525
214.884739  52.612673
214.920723  52.592352
214.753518  52.694610
214.748742  52.698358
214.934150  52.586809
214.886688  52.615130
214.493659  52.850474
214.418102  52.894195
214.533231  52.823319
214.951385  52.577451
214.493755  52.852475
214.505459  52.844897
214.880582  52.620487
214.524249  52.835202
214.692134  52.735890
214.520987  52.838199
214.923863  52.596418
214.756140  52.698107
214.747266  52.704091
214.900221  52.612479
214.926526  52.597401
214.822562  52.661068
214.751972  52.704484
214.728504  52.718704
214.528289  52.837864
214.515921  52.846299
214.464640  52.877128
214.758244  52.696713
214.817598  52.667348
214.857515  52.640516
214.892201  52.622663
214.523379  52.844633
214.929520  52.597849
214.547263  52.830967
214.691164  52.748823
214.890300  52.629267
214.750475  52.713580
214.493095  52.870360
214.835787  52.666205
214.908896  52.622405
214.772589  52.705744
214.729888  52.732624
214.721572  52.736324
214.732491  52.731567
214.684239  52.762479
214.787530  52.701101
214.549209  52.844483
214.788666  52.701814
214.583846  52.825333
214.819548  52.684322
214.959401  52.600485
214.488012  52.885567
214.928260  52.621870
214.909241  52.634884
214.449930  52.910396
214.726672  52.746538
214.585766  52.828506
214.742681  52.738338
214.423923  52.928431
214.804350  52.701634
214.561913  52.846523
214.517117  52.871229
214.777276  52.720210
214.437646  52.923404
214.525453  52.871388
214.740384  52.743023
214.822598  52.693112
214.918207  52.640292
214.807166  52.707540
214.704696  52.769363
214.513715  52.883625
214.883764  52.662432
214.740566  52.750112
214.729527  52.757355
214.813386  52.707581
214.683754  52.786304
214.802031  52.710602
214.571721  52.855519
214.518610  52.889369
214.900797  52.659565
214.530656  52.882679
214.946444  52.633877
214.481378  52.912609
214.471113  52.919138
214.562166  52.865143
214.916976  52.649760
214.994379  52.606229
214.449299  52.932155
214.584265  52.853419
214.721551  52.771570
214.943734  52.639034
214.473447  52.920960
214.684665  52.795348
214.698283  52.786630
214.905759  52.663333
214.551043  52.875619
214.960315  52.631935
214.824682  52.715306
214.997301  52.611306
214.540632  52.881813
214.778751  52.745307
214.509428  52.906084
214.873131  52.690869
214.677763  52.808714
214.660291  52.819699
214.509651  52.909461
214.631682  52.837411
214.635549  52.836086
214.893865  52.681049
214.816294  52.729155
214.977666  52.627497
214.768692  52.759570
214.995987  52.626085
214.828716  52.727155
215.008126  52.619264
214.892339  52.683859
214.861954  52.707645
214.569508  52.883776
214.667047  52.825963
214.917959  52.674585
214.803379  52.744328
215.010082  52.620399
214.729930  52.789617
214.907176  52.683136
214.897265  52.689083
