215.196946  52.971673
214.983465  53.096628
215.260422  52.928721
215.178695  52.970579
215.319851  52.879209
215.285507  52.897301
214.817459  53.178342
215.300921  52.885315
215.132505  52.972782
215.139128  52.966890
215.098292  52.982972
215.326511  52.839564
214.956327  53.064110
215.112032  52.964707
215.309988  52.834719
215.109161  52.951311
214.817041  53.126423
214.770327  53.152550
214.848047  53.103280
215.098257  52.951111
214.772909  53.148053
214.918687  53.035387
215.118794  52.928340
214.973500  53.015974
214.918686  53.052304
214.798396  53.117832
214.884166  53.062945
215.073500  52.947613
214.768377  53.129845
215.098249  52.917216
214.916073  53.028258
214.808728  53.091708
215.127783  52.892649
214.924351  53.013632
214.985005  52.972386
214.915976  53.012368
215.168594  52.857805
214.932347  52.998409
215.005341  52.953705
214.905242  53.005618
214.753020  53.098994
214.782945  53.075022
214.834818  53.042406
214.773818  53.075589
215.181693  52.830519
215.226716  52.792142
215.112858  52.856659
214.779446  53.050635
