215.715301  53.106966
215.407845  53.289209
215.336823  53.328981
215.483422  53.240437
215.213963  53.399807
215.314129  53.339817
215.490837  53.228282
215.246163  53.372095
215.494856  53.221619
215.256891  53.361493
215.470401  53.234801
215.560962  53.179152
215.552627  53.183181
215.302462  53.330119
215.387871  53.280764
213.377085  52.026681
213.194929  52.137365
213.701722  51.833560
213.540201  51.935399
213.538653  51.939148
213.371352  52.042424
213.566842  51.926496
213.326549  52.070628
213.619526  51.894616
213.523592  51.954521
213.615756  51.901493
213.526227  51.951107
213.544109  51.944027
213.401938  52.034864
213.246104  52.129186
213.534143  51.954866
213.738235  51.827967
213.533527  51.956324
213.294344  52.101821
213.402074  52.037317
213.275603  52.115239
213.625348  51.903554
213.442770  52.015369
213.662181  51.882588
213.551449  51.950137
213.598861  51.918746
213.610355  51.914709
213.251983  52.132144
213.188000  52.167525
213.405748  52.040964
213.517678  51.972069
213.647829  51.892432
213.705795  51.859114
213.432319  52.026725
213.684269  51.872361
213.396892  52.047007
213.550217  51.956264
213.589552  51.933177
213.435221  52.026447
213.437896  52.027365
213.693773  51.870658
213.547917  51.962740
213.597956  51.932443
213.589697  51.934999
213.423660  52.039541
213.609669  51.928836
213.491187  52.001864
213.603525  51.932651
213.308881  52.111418
213.688804  51.876110
213.595190  51.935074
213.650615  51.906853
213.307659  52.114594
213.286861  52.121545
213.513357  51.992522
213.536557  51.979597
213.635286  51.920810
213.544820  51.978695
213.536468  51.985275
213.656281  51.911577
213.551424  51.975676
213.614662  51.938481
213.589159  51.956440
213.297678  52.133261
213.511507  52.005418
213.761381  51.856848
213.709765  51.888871
213.244888  52.171045
213.446829  52.050008
213.751550  51.862038
213.726214  51.879526
213.749299  51.863609
213.744884  51.873067
213.754365  51.868009
213.387301  52.092061
213.680666  51.910713
213.775659  51.854929
213.238109  52.183171
213.644627  51.934530
213.751318  51.868993
213.609022  51.963330
213.636461  51.944940
213.510591  52.026634
213.623028  51.960561
213.508244  52.030461
213.446135  52.066785
213.498136  52.037998
213.484120  52.049094
213.446615  52.074123
213.444034  52.070521
213.523798  52.031205
213.530818  52.027409
213.580095  51.998331
213.645170  51.959102
213.496399  52.051118
213.443568  52.082149
213.767817  51.885082
213.448952  52.081180
213.543357  52.025271
213.457210  52.077485
213.397238  52.114280
213.643509  51.964905
213.596694  51.996214
213.598261  51.974809
213.647801  51.965649
213.384565  52.127442
213.621586  51.982320
213.780099  51.884748
213.527719  52.042377
213.338482  52.157329
213.740090  51.913699
213.276082  52.194463
213.550575  52.027799
213.330384  52.164764
213.328432  52.167079
213.513808  52.054379
213.363856  52.146816
213.254299  52.210927
213.710706  51.936794
213.571174  52.022158
213.462723  52.088931
213.448093  52.098021
213.308211  52.185167
213.341893  52.164145
213.354887  52.158000
213.325262  52.175403
