215.100006  52.768651
214.740465  52.985057
215.115271  52.757438
215.093415  52.769715
214.868377  52.903183
215.111908  52.754735
214.748079  52.973241
214.966500  52.841948
215.078763  52.773764
214.844277  52.915003
214.883837  52.890927
214.915981  52.870979
214.733172  52.980115
214.896993  52.880473
215.097302  52.758844
215.076051  52.771619
214.916616  52.866914
215.127525  52.739157
214.929573  52.857491
214.881624  52.883984
215.058634  52.776615
215.060335  52.773458
214.936732  52.847270
214.753798  52.956962
214.817440  52.913591
214.748157  52.954528
215.113607  52.734919
214.637173  53.019474
214.906872  52.863669
214.762693  52.943766
215.083049  52.750970
214.632403  53.020917
214.725409  52.965499
214.834862  52.899770
215.086484  52.745821
214.871370  52.881750
214.853562  52.885832
214.882082  52.865506
214.698254  52.975961
214.874130  52.868439
214.691309  52.976454
214.905608  52.847434
215.099755  52.729260
215.145931  52.700335
215.099833  52.726594
215.051293  52.754993
214.946719  52.819337
214.637305  53.002561
214.667805  52.983713
214.764130  52.925970
214.660606  52.987371
214.969443  52.801063
215.047944  52.753210
214.806973  52.897340
215.025315  52.770295
214.743214  52.934146
215.046691  52.751256
214.804400  52.896205
214.696012  52.960974
214.984861  52.787177
214.925582  52.822309
214.777494  52.910776
215.091275  52.719982
214.787210  52.903702
214.930238  52.817500
214.614258  53.006388
214.833121  52.874135
214.732823  52.933615
214.994534  52.775295
214.745619  52.923552
214.627928  52.992717
214.969961  52.788129
214.802743  52.891050
214.712978  52.940469
214.629413  52.988943
215.123799  52.692656
214.894555  52.829780
214.608283  53.000414
214.603865  53.002198
214.686584  52.952822
215.099531  52.703528
214.952429  52.791939
214.726674  52.927609
214.941022  52.797063
214.585071  53.011904
214.873879  52.835560
214.723887  52.925508
214.939381  52.793887
214.614464  52.987304
215.073169  52.711129
214.622176  52.982236
215.065791  52.715103
215.120451  52.680584
214.667550  52.952514
214.940012  52.788103
214.718842  52.921187
215.115020  52.681508
214.974000  52.765412
215.047786  52.720180
214.552364  53.017093
214.790335  52.873638
214.796595  52.869525
214.865244  52.828363
214.794419  52.869750
214.552805  53.013807
214.741021  52.901106
215.092446  52.689617
214.928646  52.788782
214.705670  52.920391
214.984704  52.752423
214.547670  53.013995
214.675199  52.936832
215.080873  52.693049
214.754232  52.889869
214.613541  52.972440
214.552094  53.008716
214.963789  52.761658
214.761861  52.883078
214.659802  52.941143
214.670226  52.934703
214.726222  52.899802
214.906082  52.791984
214.929974  52.776399
214.995754  52.735709
214.578096  52.986772
214.868999  52.811887
214.611702  52.965283
214.733968  52.892044
214.710757  52.905129
214.748127  52.881784
214.866187  52.809296
214.837129  52.826841
215.031638  52.706552
214.667635  52.924485
215.042069  52.699040
214.558245  52.987893
214.832940  52.825436
215.042225  52.697022
215.018795  52.710483
214.946467  52.754219
214.983743  52.729054
214.899466  52.777796
214.640137  52.932939
214.694992  52.899263
215.037438  52.693190
214.773776  52.851941
215.008618  52.710037
214.999616  52.715089
214.950190  52.743311
215.065097  52.673243
215.008045  52.705360
215.003244  52.707390
214.852884  52.798216
214.767248  52.849129
214.555528  52.974569
214.842124  52.801008
214.829746  52.807205
214.596933  52.945991
215.032005  52.683496
214.822523  52.807864
214.999985  52.701431
214.811456  52.815057
214.782632  52.831057
215.055503  52.664911
215.068442  52.656014
215.002897  52.695779
215.020272  52.684595
214.665684  52.896994
214.993331  52.700430
215.022389  52.680796
214.815667  52.806929
214.805426  52.814739
215.037707  52.672343
214.791997  52.820017
214.895757  52.755698
215.004417  52.688550
214.745960  52.843830
214.969156  52.708979
214.995519  52.691489
215.050796  52.656816
214.831787  52.787692
214.677642  52.879107
214.554139  52.951659
215.029650  52.665740
214.964489  52.701296
214.676391  52.873479
214.863471  52.761359
214.576121  52.935560
214.750753  52.833072
214.561457  52.939709
214.683083  52.866266
214.518557  52.964063
214.698213  52.856929
214.585507  52.924170
215.042224  52.651499
214.750262  52.824109
214.586542  52.921323
214.544287  52.945341
214.727052  52.834698
214.651282  52.885757
214.517273  52.959485
214.546519  52.942041
214.639540  52.885610
214.621540  52.896504
214.920862  52.716565
215.034914  52.645417
214.728516  52.829480
214.731835  52.824353
214.738372  52.820326
214.959291  52.689432
214.700007  52.842279
215.032583  52.641932
215.039824  52.647629
