214.040959  52.203053
213.870686  52.308609
214.127565  52.148503
213.717320  52.401934
214.032884  52.207262
213.926588  52.273076
213.741558  52.383444
213.796899  52.350814
213.740005  52.385503
214.025408  52.209331
213.753712  52.374174
214.168604  52.118598
214.186261  52.107498
213.782074  52.354695
213.735764  52.377246
214.160485  52.122741
214.035788  52.198962
213.990556  52.237607
213.702942  52.401255
213.826359  52.325124
213.732731  52.385550
213.786802  52.349705
213.661222  52.423590
213.663095  52.414685
213.884969  52.280282
213.830531  52.313350
213.788492  52.339131
213.986662  52.218197
213.978621  52.221899
213.890069  52.276028
213.969956  52.229491
213.787204  52.337114
213.996536  52.208544
213.792476  52.331869
213.747503  52.378514
213.746810  52.357970
213.640615  52.422506
213.767214  52.348285
213.774584  52.341117
213.648960  52.416155
213.990457  52.134952
213.837844  52.227858
214.017428  52.204107
213.656945  52.409607
213.920174  52.248375
213.766411  52.341121
213.967892  52.217773
214.052876  52.165424
213.816567  52.309451
214.043407  52.170166
214.058021  52.092331
214.131670  52.113425
214.098143  52.134427
214.150968  52.120720
213.872515  52.270996
213.773199  52.343292
214.034432  52.171439
213.647978  52.407383
213.837504  52.294271
213.619171  52.423145
213.589385  52.376773
213.642123  52.408673
213.678281  52.354551
213.787115  52.318894
213.615937  52.421913
214.050032  52.167262
213.948306  52.219479
213.667751  52.390093
213.647287  52.342015
213.890092  52.251222
213.800384  52.305960
213.837949  52.282538
213.741349  52.340864
213.976207  52.196129
213.777361  52.320138
213.982292  52.191310
213.646623  52.396791
213.623142  52.414365
213.600958  52.421711
213.649962  52.389421
214.111341  52.113295
213.661704  52.379559
213.987173  52.182938
213.734999  52.334718
213.910541  52.227054
214.105432  52.105779
213.922992  52.220602
213.925224  52.216867
213.854420  52.259882
213.727503  52.338540
213.762359  52.314652
213.777955  52.304800
213.666238  52.371346
213.766410  52.310588
213.969004  52.186200
213.888310  52.235069
214.057733  52.133144
214.061287  52.126861
213.732017  52.326368
214.110306  52.095103
213.710693  52.337854
213.951509  52.192295
214.005812  52.157045
213.787120  52.291454
213.712447  52.334938
213.949731  52.186385
213.731661  52.318851
213.945288  52.187619
213.712568  52.330911
213.715619  52.327197
213.700334  52.335537
213.955683  52.180338
214.122079  52.081401
213.791675  52.280030
213.825734  52.258159
213.714083  52.325122
213.574658  52.411010
213.753408  52.299779
213.951542  52.175897
213.962657  52.167775
214.072147  52.099701
213.918933  52.191179
213.954211  52.169389
213.751128  52.293388
213.881914  52.211795
213.796233  52.263876
213.950131  52.167338
213.901849  52.194707
213.692353  52.322280
213.729916  52.300987
213.887794  52.203502
213.920017  52.182861
213.861355  52.218825
213.746503  52.288688
213.989072  52.140118
214.023236  52.118421
214.112538  52.063296
213.745938  52.287073
213.646935  52.346556
214.043543  52.102893
214.030004  52.112292
