214.348975  52.299664
214.426369  52.255315
214.251681  52.362816
214.347796  52.308148
214.299320  52.336646
214.365436  52.299010
214.367331  52.297494
213.994556  52.524244
213.974826  52.532783
214.262535  52.365902
214.037791  52.503760
214.259366  52.376737
214.281288  52.363384
214.308863  52.353260
214.079369  52.492926
214.285006  52.373067
214.076332  52.495556
214.301139  52.368174
214.042420  52.526254
214.429618  52.294530
214.060139  52.511755
214.414728  52.305334
214.330342  52.355344
214.258890  52.399910
214.371044  52.336910
214.146632  52.474419
214.457445  52.289907
214.461348  52.287992
214.378787  52.339114
214.295995  52.392050
214.247892  52.406176
214.276084  52.408011
214.172534  52.473000
214.274643  52.413118
214.394698  52.343863
214.129938  52.508798
214.337665  52.387974
214.319935  52.397449
213.985699  52.598991
214.319980  52.401934
214.171963  52.483866
214.098283  52.543615
214.326922  52.405518
214.296153  52.427997
214.503727  52.304683
214.359600  52.391291
214.168013  52.513849
213.998853  52.616631
