214.348184  52.445591
214.478080  52.365026
214.286544  52.485272
214.133576  52.577676
214.337855  52.454336
214.112061  52.590498
214.163481  52.560674
214.340323  52.452675
214.390622  52.422374
214.512478  52.350131
214.427734  52.402502
214.098022  52.602696
214.303509  52.479570
214.210428  52.536718
214.250971  52.512528
214.487839  52.368711
214.163322  52.565742
214.489468  52.368310
214.382254  52.434942
214.457764  52.388642
214.134783  52.582006
214.118129  52.595087
214.165878  52.563390
214.140919  52.580818
214.086020  52.617621
214.360071  52.451733
214.086163  52.618996
214.471339  52.386881
214.534467  52.348573
214.331133  52.472365
214.176045  52.560560
214.314395  52.482803
214.509712  52.358941
214.379876  52.443291
214.437314  52.408856
214.334090  52.472062
214.332492  52.473358
214.146593  52.586535
214.312261  52.486733
214.461896  52.393225
214.149806  52.581929
214.489981  52.378940
214.348152  52.465928
214.424433  52.421273
214.128882  52.599227
214.489988  52.381751
214.139090  52.594678
214.405975  52.434546
214.350545  52.468341
214.145070  52.592288
214.542370  52.351570
214.505227  52.375964
214.501762  52.380183
214.485758  52.391202
214.495570  52.381830
214.197671  52.565982
214.201632  52.564382
214.239887  52.543337
214.222740  52.550984
214.509082  52.380822
214.246054  52.544437
214.373478  52.466518
214.184395  52.582407
214.503476  52.389279
214.137468  52.612192
214.105665  52.629946
214.103610  52.632720
214.528824  52.373868
214.122498  52.620639
214.186078  52.583322
214.509410  52.387543
214.146575  52.608960
214.186379  52.586500
214.189086  52.584860
214.412432  52.449525
214.474189  52.717235
214.644735  52.580027
214.505235  52.664833
214.294482  52.792106
214.654615  52.573461
214.561053  52.629509
214.377824  52.739831
214.620891  52.646046
214.704919  52.594570
214.392557  52.783977
214.387971  52.784804
214.643313  52.632147
214.719532  52.583296
214.517475  52.705706
214.394367  52.779853
214.595436  52.658118
214.699839  52.593737
214.382971  52.789048
214.394422  52.778048
214.666028  52.612540
214.764754  52.550902
214.623743  52.637612
214.392902  52.777353
214.710882  52.583051
214.613692  52.644499
214.366341  52.792171
214.548265  52.679089
214.706309  52.583333
214.418964  52.756183
214.420390  52.753862
214.457842  52.731127
214.713414  52.575710
214.280849  52.837569
214.696939  52.585177
214.456059  52.731524
214.683651  52.591705
214.760315  52.543478
214.456165  52.730576
214.478928  52.715353
214.366123  52.783426
214.276055  52.836652
214.521848  52.687198
214.422252  52.745923
214.466790  52.721339
214.475996  52.714128
214.569726  52.656711
214.576671  52.650875
214.594950  52.639316
214.684875  52.584206
214.620537  52.623471
214.381971  52.768866
214.325020  52.801386
214.722012  52.559873
214.579163  52.626597
214.314887  52.812071
214.312626  52.806180
214.592724  52.636985
214.537978  52.670433
214.638280  52.608028
214.372217  52.768282
214.266479  52.832903
214.480344  52.702601
214.451974  52.719571
214.379965  52.762428
214.558908  52.652362
214.286886  52.803260
214.262482  52.818047
214.757929  52.531332
214.555577  52.653495
214.298432  52.808596
214.502230  52.673138
214.715227  52.554978
214.510738  52.681652
214.785852  52.510466
214.474212  52.700459
214.585389  52.633781
214.652622  52.591449
214.673688  52.570822
214.762745  52.522841
214.288000  52.810696
214.478960  52.695577
214.774002  52.515428
214.543535  52.654997
214.510289  52.675427
214.725204  52.543950
214.285268  52.810482
214.466067  52.701425
214.529118  52.662618
214.387760  52.748527
214.636158  52.602482
214.330414  52.780100
214.670142  52.573342
214.419472  52.725489
214.360144  52.760907
214.659723  52.579011
214.320145  52.782077
214.281055  52.804770
214.587449  52.619762
214.768723  52.499856
214.395485  52.728100
214.332578  52.766036
214.772219  52.497310
214.539451  52.639106
214.664495  52.558366
214.393356  52.725527
214.283286  52.787954
214.755498  52.506019
214.586728  52.603097
214.621916  52.581066
214.738235  52.510550
214.594594  52.596596
214.502355  52.652629
214.665382  52.560557
214.279977  52.794446
214.441298  52.687344
214.344171  52.739121
214.404205  52.461117
214.376007  52.728960
214.714848  52.518536
214.526033  52.644496
214.754735  52.494199
214.178071  52.596773
214.766171  52.497353
214.359200  52.744734
214.362338  52.731222
214.751363  52.505743
214.661665  52.549570
214.389000  52.714002
214.384771  52.716349
214.542698  52.375948
214.240281  52.800585
214.720241  52.509328
214.091362  52.648962
214.342023  52.738034
214.391648  52.708080
214.395312  52.464485
214.760759  52.482897
214.761901  52.480893
214.578680  52.605492
214.652760  52.545585
214.761820  52.499935
214.344957  52.732101
214.641610  52.552333
214.521167  52.625102
214.654524  52.543250
214.557954  52.601134
214.227942  52.800247
214.322796  52.742885
214.527463  52.383440
214.579818  52.568698
214.527641  52.598259
214.732577  52.472826
214.730179  52.472238
214.402226  52.673561
214.339305  52.710530
214.381743  52.683848
214.375744  52.688825
214.431121  52.653670
214.504326  52.609097
214.499603  52.612132
214.645635  52.521270
214.732915  52.492193
214.714317  52.477603
214.619262  52.535001
214.247813  52.759860
214.357288  52.693177
214.498836  52.606775
214.493982  52.605454
214.470411  52.623191
