214.330829  52.560160
214.081822  52.710500
214.272988  52.596712
214.590369  52.403852
214.122256  52.681124
214.351347  52.537354
214.084684  52.702162
214.292243  52.575393
214.438940  52.485762
214.187595  52.635098
214.244376  52.596993
214.472627  52.456030
214.276938  52.573613
214.490594  52.632232
214.076398  52.689724
214.408642  52.679547
214.368874  52.510765
214.516857  52.420384
214.430900  52.665701
214.483289  52.432903
214.030231  52.698810
214.384542  52.487945
214.089775  52.663612
214.577291  52.367016
214.384670  52.475672
214.592681  52.667218
214.798440  52.539356
214.652396  52.656112
214.696395  52.626928
214.639035  52.662120
214.307755  52.838191
214.622564  52.662543
214.369749  52.813899
214.669439  52.629244
214.489173  52.727642
214.758683  52.570492
214.073155  52.654477
214.477503  52.720840
214.437882  52.782239
214.721926  52.628581
214.646151  52.676020
214.798420  52.600461
214.762569  52.623128
214.743787  52.636847
214.357633  52.864073
214.785666  52.614523
214.575927  52.746331
214.782054  52.625470
