213.776357  51.939480
213.789280  51.926644
213.502220  52.114724
213.313369  52.230988
213.353212  52.209661
213.659882  52.022799
213.340270  52.218406
213.736541  51.981418
213.553941  52.094934
213.837347  51.924933
213.637409  52.050047
213.515283  52.124577
213.589343  52.079121
213.800372  51.958368
213.383178  52.214902
213.476966  52.158612
213.535574  52.126788
213.471830  52.165671
213.473739  52.161556
213.532349  52.131270
213.532553  52.125653
213.483531  52.162112
213.497569  52.153342
213.413362  52.210186
213.618586  52.087140
213.521030  52.147107
213.370930  52.237996
213.406003  52.217666
213.363741  52.244976
213.434104  52.196754
213.456658  52.185536
213.860386  51.945704
213.451407  52.195671
213.872324  51.942036
213.668735  52.076953
213.796277  51.994708
213.861634  51.962123
213.510768  52.174355
213.672245  52.081842
213.867931  51.977998
213.918291  51.942946
213.866894  51.979394
213.452220  52.237549
213.473119  52.225616
213.577125  52.164262
213.412371  52.265588
213.848534  52.000956
213.754684  52.059095
213.413955  52.269858
