214.313718  52.425812
214.287069  52.452558
214.487288  52.329282
214.348679  52.419894
214.384344  52.404126
214.526835  52.316903
214.448119  52.364028
214.317892  52.455836
214.508215  52.344755
214.379284  52.423499
214.112061  52.590498
214.340323  52.452675
214.165878  52.563390
214.360071  52.451733
214.509712  52.358941
214.379876  52.443291
214.334090  52.472062
214.332492  52.473358
214.128882  52.599227
214.509082  52.380822
214.186078  52.583322
214.509410  52.387543
214.146575  52.608960
214.474189  52.717235
214.719532  52.583296
214.595436  52.658118
214.382971  52.789048
214.764754  52.550902
214.713414  52.575710
214.521848  52.687198
214.475996  52.714128
214.569726  52.656711
214.594950  52.639316
214.684875  52.584206
214.312626  52.806180
214.558908  52.652362
214.555577  52.653495
214.762745  52.522841
214.285268  52.810482
214.670142  52.573342
214.768723  52.499856
214.539451  52.639106
214.664495  52.558366
214.393356  52.725527
214.283286  52.787954
214.586728  52.603097
214.279977  52.794446
214.178071  52.596773
214.661665  52.549570
