214.368888  52.871228
214.694088  52.692168
214.543449  52.780779
214.540036  52.784685
214.820490  52.622101
214.816013  52.626537
214.848110  52.610508
214.676062  52.718802
214.813606  52.634805
214.446676  52.866715
214.689668  52.723330
214.931015  52.568370
214.783850  52.664742
214.930231  52.582147
214.640541  52.757918
214.739564  52.697043
214.917308  52.591739
214.886688  52.615130
214.533231  52.823319
214.524249  52.835202
214.822562  52.661068
214.691164  52.748823
214.750475  52.713580
214.561913  52.846523
214.802031  52.710602
214.943734  52.639034
214.684665  52.795348
214.698283  52.786630
214.540632  52.881813
214.660291  52.819699
215.008126  52.619264
214.892339  52.683859
215.010082  52.620399
214.874701  52.705069
214.704248  52.810594
214.699945  53.019520
214.667098  53.037664
214.970644  52.853018
214.717010  53.009045
215.076086  52.786616
214.748079  52.973241
214.966500  52.841948
214.915981  52.870979
215.113607  52.734919
214.906872  52.863669
214.762693  52.943766
214.905608  52.847434
215.145931  52.700335
215.099833  52.726594
