214.938826  52.954303
214.780171  53.043144
215.106161  52.850351
215.104540  52.848130
214.734896  53.065275
214.967466  52.926286
214.696615  53.088641
214.786519  52.978560
215.047074  52.874852
214.780454  53.034077
214.836636  52.999861
214.712347  53.073212
214.862098  52.982569
214.704915  53.073763
214.697981  53.075458
215.116152  52.826618
215.188221  52.770653
214.784916  53.014073
214.719886  53.052269
214.831303  52.982846
215.165821  52.779089
214.692736  53.061099
215.151837  52.785185
214.782981  53.007135
215.137882  52.791916
214.804410  52.987620
214.650095  53.076833
214.796900  52.984956
214.745329  53.013960
215.158578  52.753219
214.859725  52.941103
214.694990  53.035467
214.958158  53.071452
215.303987  52.868039
215.313016  52.860500
215.226631  52.926420
215.298127  52.883982
214.903081  53.123244
215.076514  53.032603
215.369535  52.873132
215.253422  52.942803
215.033922  53.077357
215.180427  52.995985
215.029285  53.085251
215.339193  52.903695
215.416294  52.860210
214.957775  53.134842
215.142319  53.038974
215.060939  53.087434
