214.076398  52.689724
214.351592  52.715968
214.450624  52.463537
214.093753  52.678642
214.418369  52.674471
214.292156  52.559296
214.226138  52.597575
214.408642  52.679547
214.055420  52.699375
214.368874  52.510765
214.582198  52.573453
214.516857  52.420384
214.430900  52.665701
214.420339  52.476778
214.407567  52.483035
214.348239  52.519366
214.547132  52.375056
214.047965  52.700038
214.128654  52.651195
214.521393  52.411464
214.577837  52.375850
214.483289  52.432903
214.351816  52.512817
214.444591  52.463778
214.563773  52.382189
214.030231  52.698810
214.459335  52.443849
214.384542  52.487945
214.089775  52.663612
214.481879  52.426309
214.577291  52.367016
214.236338  52.564314
214.519336  52.398681
214.162949  52.613096
214.549331  52.374634
214.384670  52.475672
214.505780  52.392980
214.261753  52.543557
214.592681  52.667218
214.735401  52.579163
214.805404  52.562522
214.798440  52.539356
214.652396  52.656112
214.535644  52.725373
214.696395  52.626928
214.639035  52.662120
214.307755  52.838191
214.783994  52.571367
214.525719  52.728319
214.830137  52.541988
214.402336  52.798106
214.622564  52.662543
214.452220  52.766804
214.516615  52.726046
214.363204  52.820595
214.832819  52.529724
214.369749  52.813899
214.499072  52.733819
214.622561  52.673653
214.669439  52.629244
214.489173  52.727642
214.536275  52.710616
214.516912  52.712999
214.758683  52.570492
214.073155  52.654477
214.482349  52.740192
214.605282  52.665911
214.719934  52.592507
214.779395  52.523004
214.477503  52.720840
214.765244  52.574974
214.437882  52.782239
214.403161  52.804643
214.503882  52.746948
214.869546  52.529836
214.333750  52.851569
214.421979  52.803587
214.730028  52.623869
214.871708  52.539781
214.721926  52.628581
214.539370  52.739677
214.646151  52.676020
214.507111  52.760725
214.504641  52.761897
214.330101  52.862190
214.525404  52.748016
214.726626  52.631872
214.435698  52.810754
214.596490  52.717881
214.798420  52.600461
214.762569  52.623128
214.743787  52.636847
214.790621  52.609965
214.357633  52.864073
214.626355  52.705802
214.785666  52.614523
214.720117  52.654537
214.826841  52.578725
214.761874  52.632851
214.575927  52.746331
214.812779  52.605939
214.782054  52.625470
214.368888  52.871228
214.627147  52.721773
214.787436  52.627625
214.832986  52.602387
214.796830  52.625893
214.537626  52.780258
214.814226  52.617356
214.638404  52.723130
214.726791  52.672040
214.694088  52.692168
214.543449  52.780779
214.832991  52.608969
214.540036  52.784685
214.623631  52.739406
214.668026  52.713920
214.579705  52.766815
214.820490  52.622101
214.816013  52.626537
214.650012  52.728649
214.807658  52.634689
214.848110  52.610508
214.845112  52.614205
214.851621  52.610492
214.676062  52.718802
214.813606  52.634805
214.646795  52.737673
214.842652  52.620288
214.641372  52.742417
214.449222  52.858445
214.600140  52.767075
214.759708  52.679298
214.921280  52.582475
214.446676  52.866715
214.654382  52.742180
214.689668  52.723330
214.801861  52.655644
214.931015  52.568370
214.736739  52.696298
214.788073  52.665682
