215.487517  53.123193
215.279987  53.245468
215.494190  53.136968
215.653468  53.020981
215.654886  53.017456
215.476029  53.122635
215.479325  53.120605
215.463545  53.127711
215.223759  53.271111
215.526774  53.088519
215.476912  53.118085
215.298605  53.220684
215.616688  53.029869
215.648444  53.010088
215.450708  53.129274
215.554044  53.064725
215.123372  53.320635
215.124347  53.318632
215.122259  53.319094
215.276463  53.226764
215.598739  53.033781
215.578041  53.043738
215.440678  53.125747
215.378343  53.162496
215.279039  53.218965
215.475988  53.101147
215.471336  53.103703
215.329574  53.185895
215.539251  53.057829
215.536479  53.058600
215.623978  53.003783
215.462091  53.099455
215.616070  53.007381
215.275499  53.210014
215.367511  53.152928
215.624895  52.998107
215.256789  53.217015
215.461500  53.094667
215.234898  53.229524
215.442756  53.105599
215.429495  53.112120
215.612583  53.000130
215.507555  53.062813
215.480201  53.076115
215.490450  53.069007
215.169386  53.256490
215.102407  53.295202
215.262166  53.198862
215.252809  53.203306
215.443166  53.089489
215.325396  53.158662
215.430751  53.095346
215.449928  53.082676
215.437004  53.089612
215.499423  53.052228
215.428451  53.093751
215.549824  53.020277
215.091786  53.292866
215.428727  53.092468
215.594690  52.992730
215.177446  53.240779
215.349564  53.136646
215.331895  53.313800
215.206535  53.382964
215.751771  53.336024
215.867882  53.265829
215.248822  53.357381
215.614573  53.138831
215.876956  53.258372
215.838320  53.280350
215.664505  53.382197
215.423989  53.251739
215.608203  53.413649
215.184333  53.393513
215.607706  53.141371
215.262467  53.346417
215.660024  53.380837
215.897919  53.238148
215.805734  53.291855
215.630258  53.389365
215.611793  53.397697
215.754338  53.311036
215.765735  53.303979
215.905193  53.214439
215.919553  53.206437
215.419485  53.252079
215.588333  53.408986
215.627555  53.379040
215.616481  53.386517
215.662112  53.357089
215.833902  53.253686
215.344433  53.293433
215.676652  53.348171
215.519168  53.448865
215.615597  53.380685
215.934999  53.189665
215.747134  53.301117
215.821275  53.256368
215.621922  53.373449
215.420832  53.257714
215.193198  53.391320
215.685783  53.330537
215.857073  53.225944
215.299600  53.328653
215.582697  53.159939
215.598331  53.367705
215.676778  53.313663
215.592913  53.366420
215.923387  53.165044
215.425585  53.462299
215.857985  53.203451
215.356748  53.498019
215.787537  53.238805
215.663489  53.313945
215.574011  53.361290
215.673261  53.302113
215.764030  53.242839
215.505868  53.395274
215.736782  53.255811
215.827941  53.199436
215.464736  53.415776
215.906587  53.148717
215.397431  53.460181
215.754716  53.239158
215.864623  53.170544
215.802190  53.207428
215.443357  53.419468
215.817421  53.197438
215.613315  53.317211
215.901571  53.142984
215.862203  53.161430
215.817806  53.188050
215.586243  53.327052
215.714898  53.253169
215.774181  53.214332
215.649849  53.267999
215.831733  53.178383
215.812180  53.187914
215.325773  53.478947
215.875816  53.147592
215.427593  53.415717
