213.432319  52.026725
213.435221  52.026447
213.437896  52.027365
213.547917  51.962740
213.589697  51.934999
213.491187  52.001864
213.308881  52.111418
213.688804  51.876110
213.595190  51.935074
213.307659  52.114594
213.286861  52.121545
213.544820  51.978695
213.536468  51.985275
213.726214  51.879526
213.749299  51.863609
213.387301  52.092061
213.751318  51.868993
213.636461  51.944940
213.508244  52.030461
213.446135  52.066785
213.498136  52.037998
213.444034  52.070521
213.443568  52.082149
213.767817  51.885082
213.543357  52.025271
213.596694  51.996214
213.621586  51.982320
213.780099  51.884748
213.527719  52.042377
213.550575  52.027799
213.363856  52.146816
213.254299  52.210927
213.462723  52.088931
213.308211  52.185167
213.325262  52.175403
213.531235  52.048855
213.409171  52.127369
213.595298  52.016183
213.395162  52.146244
213.771573  51.921875
213.696006  51.965582
213.716891  51.956988
213.351116  52.178731
213.730929  51.953838
213.794050  51.910165
213.475455  52.115282
213.823382  51.907102
213.325956  52.213731
