213.757788  52.232677
213.652330  52.296517
213.762742  52.229567
213.715904  52.257636
213.636027  52.304843
213.928504  52.125285
213.546433  52.357685
213.572154  52.340964
213.544359  52.355434
213.795057  52.202941
213.658115  52.285468
213.641112  52.295313
213.544148  52.352877
213.961666  52.099657
213.649309  52.289974
214.052022  52.043391
213.787360  52.205783
213.886064  52.145608
213.650228  52.321958
213.784651  52.206486
213.635588  52.296649
213.812944  52.189108
213.959752  52.098046
213.613275  52.308364
213.862214  52.155261
213.946741  52.102833
213.653224  52.279728
213.531260  52.353394
213.664170  52.272694
213.693325  52.254750
213.924281  52.113043
213.701575  52.249091
213.745515  52.220640
213.664908  52.268228
213.623791  52.293429
213.974804  52.122223
213.634444  52.286903
213.930012  52.103396
213.768406  52.199651
213.794450  52.182558
213.885588  52.126788
213.889848  52.123343
213.786062  52.186918
213.587355  52.307629
213.952457  52.084880
213.958546  52.132280
213.771275  52.195460
213.566506  52.319117
213.947591  52.085441
213.592931  52.302349
213.936086  52.092500
213.571745  52.313653
213.538360  52.333470
213.778019  52.186658
213.875632  52.125817
213.548456  52.323138
213.767319  52.190777
214.039010  52.023831
213.755202  52.196918
213.791573  52.174068
213.801238  52.167354
214.027712  52.028108
213.539815  52.325779
213.720462  52.213586
213.612531  52.279771
213.712419  52.218054
213.587432  52.293515
213.584760  52.294400
214.040988  52.016022
213.992405  52.044870
213.735501  52.200244
213.845996  52.132408
213.580109  52.294225
213.542680  52.316003
213.952596  52.066505
213.712354  52.213346
213.718871  52.209419
214.035711  52.015028
213.817413  52.148952
213.906411  52.093618
213.592444  52.283977
213.500937  52.339064
213.530804  52.319618
213.574985  52.292616
213.872870  52.110691
213.613972  52.267583
213.787851  52.161241
213.708332  52.209746
213.811908  52.145756
213.632279  52.255090
213.781117  52.164685
213.802632  52.151468
213.817933  52.141402
213.928901  52.073088
213.833217  52.130995
213.828735  52.132068
213.540884  52.307226
213.985149  52.036077
213.572442  52.287236
213.898168  52.090619
213.548101  52.299264
213.869874  52.102968
213.838832  52.121312
213.878567  52.096917
213.935842  52.060845
213.634128  52.249174
213.841342  52.112448
213.922227  52.062012
214.009209  52.020350
213.916063  52.064263
213.755988  52.162083
213.935687  52.052018
213.774595  52.153985
213.908450  52.068861
213.996400  52.012511
213.519483  52.304293
213.776536  52.156289
213.875949  52.086288
213.712349  52.191727
213.617427  52.241091
213.681925  52.200938
213.662243  52.212451
213.857739  52.095762
213.483217  52.319606
213.573813  52.279068
213.551336  52.287878
213.499478  52.306977
213.503892  52.304347
213.614817  52.236966
213.570100  52.263643
213.673276  52.200991
213.638506  52.222172
213.521277  52.292322
213.772773  52.139554
213.615160  52.234680
213.551340  52.291820
213.847724  52.092409
213.933128  52.039998
213.840593  52.095442
213.908014  52.053931
213.922718  52.044348
213.599725  52.241046
213.741932  52.154202
213.663781  52.199355
213.930775  52.033614
213.905207  52.048663
213.550749  52.262978
213.890134  52.056917
213.844633  52.084479
213.655089  52.204728
213.896412  52.051464
213.790009  52.118607
213.885384  52.055806
213.925132  52.030144
213.930955  52.026302
213.581899  52.242448
213.505121  52.288372
213.738994  52.143232
213.735622  52.144708
213.847931  52.075053
213.590274  52.231969
213.436862  52.324101
213.966146  52.001827
213.512516  52.278028
213.879760  52.055219
213.665984  52.184527
213.774150  52.117672
213.803315  52.100274
213.590699  52.229096
213.611093  52.216280
213.681869  52.173203
213.475731  52.306386
213.935255  52.017325
213.686284  52.167384
213.729264  52.138740
213.569309  52.237343
213.645919  52.188110
213.928983  52.015051
213.751148  52.123302
213.969115  51.989363
213.692621  52.158215
213.566336  52.234913
213.914709  52.022587
213.630316  52.197802
213.494322  52.277013
213.919122  52.016729
213.672659  52.167000
213.656055  52.177150
213.458882  52.295876
213.843100  52.062341
213.976220  51.980146
213.790875  52.094046
213.695958  52.159226
213.948877  51.996699
213.884642  52.037809
213.713069  52.140296
213.572357  52.225757
213.710859  52.141571
213.978126  51.978388
213.425930  52.313130
213.930924  52.005964
213.831231  52.066260
213.497173  52.279410
213.423535  52.313623
213.580047  52.218451
213.743317  52.118688
213.734253  52.123852
213.429503  52.308124
213.450829  52.295027
213.589395  52.210944
213.775559  52.097129
213.673127  52.158975
213.454405  52.290889
