214.060391  52.709477
214.185779  52.623123
214.370061  52.521311
214.331998  52.543763
214.319858  52.551345
214.244376  52.596993
214.615218  52.380226
214.092891  52.687334
214.475413  52.455769
214.215517  52.614771
214.550306  52.409538
214.340841  52.536331
214.567394  52.586611
214.472627  52.456030
214.171266  52.637360
214.276938  52.573613
214.532835  52.417768
214.089164  52.685412
214.347498  52.531607
214.343142  52.531093
214.116744  52.667529
214.454901  52.462839
214.573102  52.389476
214.490594  52.632232
214.140637  52.652491
214.091932  52.681671
214.142509  52.651930
214.346231  52.718797
214.055072  52.702873
214.076398  52.689724
214.351592  52.715968
214.450624  52.463537
214.093753  52.678642
214.418369  52.674471
214.292156  52.559296
214.226138  52.597575
214.408642  52.679547
214.558785  52.395516
214.055420  52.699375
214.368874  52.510765
214.582198  52.573453
214.429764  52.666920
214.516857  52.420384
214.430900  52.665701
214.331636  52.531805
214.420339  52.476778
214.407567  52.483035
214.348239  52.519366
214.547132  52.375056
214.047965  52.700038
214.128654  52.651195
214.228081  52.785344
214.521393  52.411464
214.577837  52.375850
214.483289  52.432903
214.351816  52.512817
214.389590  52.489291
214.444591  52.463778
214.563773  52.382189
214.044781  52.696238
214.166609  52.623286
214.030231  52.698810
214.459335  52.443849
214.384542  52.487945
214.535840  52.395742
214.094991  52.662408
214.529094  52.397385
214.089775  52.663612
214.481879  52.426309
214.201508  52.593741
214.151812  52.623415
214.436042  52.450706
214.577291  52.367016
214.560504  52.374715
214.236338  52.564314
214.519336  52.398681
214.162949  52.613096
214.270931  52.545327
214.529713  52.386328
214.549331  52.374634
214.384670  52.475672
214.712562  52.593788
214.466848  52.417743
214.347869  52.493651
214.505780  52.392980
214.261753  52.543557
214.592681  52.667218
214.735401  52.579163
214.573815  52.703480
214.670729  52.645470
214.696028  52.631656
214.805404  52.562522
214.798440  52.539356
214.652396  52.656112
214.535644  52.725373
214.696395  52.626928
214.639035  52.662120
214.307755  52.838191
214.368209  52.699856
214.674312  52.638660
214.783994  52.571367
214.525719  52.728319
214.830137  52.541988
214.402336  52.798106
214.659805  52.640117
214.622564  52.662543
214.452220  52.766804
214.516615  52.726046
214.363204  52.820595
214.526953  52.722956
214.747875  52.585402
214.371832  52.813794
214.832819  52.529724
214.369749  52.813899
214.499072  52.733819
214.622561  52.673653
214.669439  52.629244
214.489173  52.727642
214.536275  52.710616
214.516912  52.712999
214.508345  52.725349
214.758683  52.570492
214.073155  52.654477
214.482349  52.740192
214.470882  52.746897
214.605282  52.665911
214.528285  52.710753
214.490250  52.732009
214.719934  52.592507
214.738263  52.580454
214.697971  52.604192
214.779395  52.523004
214.776715  52.527797
214.477503  52.720840
214.828828  52.511618
214.469498  52.736471
214.765244  52.574974
214.654559  52.649292
214.437882  52.782239
214.350872  52.835284
214.403161  52.804643
214.503882  52.746948
214.869546  52.529836
214.564110  52.713721
214.627746  52.675956
214.351183  52.840845
214.333750  52.851569
214.421979  52.803587
214.408051  52.814724
214.730028  52.623869
214.871708  52.539781
214.467874  52.780641
214.721926  52.628581
214.539370  52.739677
214.831300  52.563953
214.646151  52.676020
214.507111  52.760725
214.504641  52.761897
214.330101  52.862190
214.525404  52.748016
214.726626  52.631872
214.385637  52.840146
214.600155  52.712424
214.435698  52.810754
214.720857  52.641615
214.596490  52.717881
214.613765  52.705133
214.798420  52.600461
214.560753  52.744077
214.762569  52.623128
214.789915  52.607112
214.388403  52.846383
214.836185  52.580630
214.743787  52.636847
214.790621  52.609965
214.357633  52.864073
214.626355  52.705802
214.785666  52.614523
214.720117  52.654537
214.820110  52.595664
214.826841  52.578725
214.761874  52.632851
214.355917  52.876236
214.666415  52.692057
214.575927  52.746331
214.375069  52.866424
214.812779  52.605939
214.782054  52.625470
214.411689  52.847484
214.368888  52.871228
214.627147  52.721773
214.787436  52.627625
214.406178  52.856057
214.832986  52.602387
214.774087  52.638396
214.796830  52.625893
214.537626  52.780258
214.849702  52.594123
214.478323  52.818414
214.814226  52.617356
214.638404  52.723130
214.726791  52.672040
214.694088  52.692168
214.812456  52.621519
214.818020  52.618153
214.543449  52.780779
214.832991  52.608969
214.540036  52.784685
214.712277  52.680518
214.715057  52.682104
214.723085  52.679157
214.697509  52.694706
214.861545  52.596371
