215.331895  53.313800
215.867882  53.265829
215.614573  53.138831
215.838320  53.280350
215.262467  53.346417
215.660024  53.380837
215.754338  53.311036
215.905193  53.214439
215.588333  53.408986
215.627555  53.379040
215.344433  53.293433
215.676652  53.348171
215.857073  53.225944
215.299600  53.328653
215.676778  53.313663
215.857985  53.203451
215.663489  53.313945
215.673261  53.302113
215.906587  53.148717
215.754716  53.239158
215.443357  53.419468
215.862203  53.161430
215.817806  53.188050
215.649849  53.267999
215.831733  53.178383
215.812180  53.187914
215.325773  53.478947
215.353015  53.457756
215.889596  53.134335
215.874917  53.144071
215.777515  53.201359
215.877506  53.135202
215.762192  53.197948
215.415565  53.407101
215.835444  53.149615
215.840692  53.144494
215.594353  53.289613
215.459984  53.376121
215.652096  53.251301
215.735454  53.198936
215.760857  53.180874
215.402883  53.391578
215.679169  53.220608
215.575645  53.277585
215.734498  53.184936
215.846133  53.114257
215.459111  53.340491
215.756395  53.161269
215.475357  53.330750
