214.227173  52.393900
214.073909  52.487173
214.385217  52.296137
214.369863  52.310439
214.259366  52.376737
214.017154  52.524255
214.281288  52.363384
214.308863  52.353260
214.079369  52.492926
214.285006  52.373067
214.317801  52.354402
214.165821  52.446654
214.400764  52.305493
214.076332  52.495556
214.301139  52.368174
214.042420  52.526254
214.226167  52.411117
214.429618  52.294530
214.060139  52.511755
214.414728  52.305334
214.138267  52.473183
214.155906  52.463035
214.377462  52.328475
214.330342  52.355344
214.258890  52.399910
214.173999  52.453363
214.091043  52.505021
214.210339  52.432293
214.395645  52.321187
213.962976  52.586364
214.371044  52.336910
214.066291  52.525208
214.308484  52.379222
214.146632  52.474419
214.090753  52.512303
214.457445  52.289907
214.461348  52.287992
214.378787  52.339114
214.170342  52.467013
214.450807  52.296814
214.295995  52.392050
214.315828  52.380448
214.124813  52.497212
214.247892  52.406176
214.266812  52.412900
214.434187  52.309193
214.276084  52.408011
214.305394  52.390591
214.204813  52.453203
214.374518  52.350290
214.466880  52.294959
214.172534  52.473000
214.274643  52.413118
214.481521  52.287625
214.266606  52.419331
214.102401  52.517664
214.391137  52.344386
214.286888  52.408250
213.954292  52.608911
214.394698  52.343863
214.129938  52.508798
214.199362  52.467705
214.447801  52.318021
214.337665  52.387974
214.467166  52.308564
214.319935  52.397449
214.464843  52.311338
214.022125  52.579746
214.376580  52.365618
214.484398  52.300453
214.380225  52.364346
214.295258  52.414146
214.321885  52.399558
213.985699  52.598991
214.330345  52.396642
214.319980  52.401934
214.009428  52.591066
214.491558  52.300902
214.143533  52.512934
214.079264  52.552078
214.082390  52.551749
214.171963  52.483866
214.098283  52.543615
214.212701  52.474639
214.006113  52.600283
214.326922  52.405518
214.402357  52.362759
214.196935  52.487759
214.296153  52.427997
214.069306  52.566991
214.503727  52.304683
214.465520  52.325204
214.359600  52.391291
214.472254  52.328188
214.168013  52.513849
213.998853  52.616631
214.284871  52.444385
214.287629  52.443402
214.313718  52.425812
214.320145  52.426474
214.383197  52.389722
214.125862  52.542557
213.991978  52.627921
214.179872  52.518202
214.287069  52.452558
214.182131  52.514448
214.030405  52.609658
214.038623  52.602421
214.487288  52.329282
214.435860  52.361404
214.348679  52.419894
214.487412  52.335478
214.350356  52.420993
214.316470  52.443242
213.966224  52.654295
214.292938  52.463024
214.384344  52.404126
214.053121  52.607914
214.456060  52.365771
214.146530  52.547112
214.125335  52.566230
214.526835  52.316903
214.448119  52.364028
214.234157  52.507243
214.317892  52.455836
214.262498  52.491936
214.508215  52.344755
214.379284  52.423499
214.464075  52.374551
214.348184  52.445591
214.112061  52.590498
214.163481  52.560674
214.340323  52.452675
214.390622  52.422374
214.250971  52.512528
214.382254  52.434942
214.457764  52.388642
214.165878  52.563390
214.360071  52.451733
214.471339  52.386881
214.331133  52.472365
