213.869874  52.102968
213.878567  52.096917
213.634128  52.249174
213.922227  52.062012
214.009209  52.020350
213.916063  52.064263
213.774595  52.153985
213.996400  52.012511
213.681925  52.200938
213.499478  52.306977
213.847724  52.092409
213.840593  52.095442
213.908014  52.053931
213.550749  52.262978
213.925132  52.030144
213.505121  52.288372
213.879760  52.055219
213.774150  52.117672
213.590699  52.229096
213.681869  52.173203
213.475731  52.306386
213.686284  52.167384
213.928983  52.015051
213.751148  52.123302
213.969115  51.989363
213.692621  52.158215
213.672659  52.167000
213.976220  51.980146
213.948877  51.996699
213.884642  52.037809
213.423535  52.313623
213.734253  52.123852
213.429503  52.308124
213.673127  52.158975
213.569228  52.215955
213.494066  52.260957
213.660953  52.159715
213.903603  52.010082
213.575001  52.208058
213.559008  52.216524
213.488480  52.258216
213.522395  52.236668
213.483206  52.257786
213.706675  52.119604
213.640266  52.154494
213.940616  52.421811
213.450019  52.273851
214.091024  52.248429
