213.647829  51.892432
213.515833  51.975242
213.705795  51.859114
213.249486  52.136231
213.432319  52.026725
213.684269  51.872361
213.396892  52.047007
213.305721  52.103734
213.550217  51.956264
213.589552  51.933177
213.435221  52.026447
213.698990  51.866655
213.730852  51.845784
213.241861  52.145097
213.437896  52.027365
213.216826  52.160785
213.693773  51.870658
213.354072  52.079314
213.547917  51.962740
213.597956  51.932443
213.564841  51.952591
213.420706  52.043763
213.589697  51.934999
213.430669  52.038038
213.654755  51.901833
213.423660  52.039541
213.609669  51.928836
213.491187  52.001864
213.603525  51.932651
213.308881  52.111418
213.322719  52.104576
213.688804  51.876110
213.595190  51.935074
213.737477  51.853117
213.347605  52.090788
213.650615  51.906853
213.559625  51.963571
213.307659  52.114594
213.286861  52.121545
213.513357  51.992522
213.523072  51.985927
213.536557  51.979597
213.639916  51.918211
213.635286  51.920810
213.234807  52.165097
213.544820  51.978695
213.320871  52.115640
213.536468  51.985275
213.656281  51.911577
213.712516  51.878904
213.551424  51.975676
213.614662  51.938481
213.551966  51.978370
213.239318  52.167450
213.589159  51.956440
213.297678  52.133261
213.625387  51.933862
213.476490  52.026563
213.511507  52.005418
213.269118  52.154190
213.490430  52.018097
213.551107  51.984489
213.245696  52.169765
213.761381  51.856848
213.331691  52.118403
213.709765  51.888871
213.244888  52.171045
213.446829  52.050008
213.578806  51.970145
213.533658  51.998881
213.751550  51.862038
213.726214  51.879526
213.745440  51.869809
213.663737  51.918636
213.531386  52.001872
213.654374  51.927007
213.749299  51.863609
213.593047  51.965091
213.715399  51.890602
213.744884  51.873067
213.754365  51.868009
213.387301  52.092061
213.680666  51.910713
213.775659  51.854929
213.251366  52.174787
213.238109  52.183171
213.644627  51.934530
213.550665  51.994724
213.751318  51.868993
213.703791  51.902424
213.574832  51.982181
213.481727  52.040422
213.609022  51.963330
213.725342  51.891782
213.636461  51.944940
213.510591  52.026634
213.626078  51.956864
213.761268  51.874537
213.623028  51.960561
213.508244  52.030461
213.740068  51.889972
213.446135  52.066785
213.498136  52.037998
213.542872  52.010983
213.651672  51.943620
213.484120  52.049094
213.336851  52.138486
213.465679  52.061799
213.446615  52.074123
213.766360  51.880816
213.444034  52.070521
213.523798  52.031205
213.530818  52.027409
213.771946  51.880433
213.556846  52.012012
213.580095  51.998331
213.645170  51.959102
213.349313  52.139634
213.496399  52.051118
213.443568  52.082149
213.767817  51.885082
213.448952  52.081180
213.543357  52.025271
213.457210  52.077485
213.397238  52.114280
213.762516  51.891540
213.643509  51.964905
213.530273  52.034838
213.596694  51.996214
213.598261  51.974809
213.647801  51.965649
213.311654  52.169057
213.384565  52.127442
213.621586  51.982320
213.393006  52.122758
213.780099  51.884748
213.527719  52.042377
213.338482  52.157329
213.740090  51.913699
213.276082  52.194463
213.550575  52.027799
213.330384  52.164764
213.538280  52.040153
213.328432  52.167079
213.513808  52.054379
213.646856  51.974304
213.471863  52.080875
213.690201  51.946778
213.363856  52.146816
213.254299  52.210927
213.710706  51.936794
213.571174  52.022158
213.462723  52.088931
213.577996  52.019037
213.448093  52.098021
213.661545  51.968750
213.805756  51.881791
213.607507  52.003934
213.308211  52.185167
213.341893  52.164145
213.779559  51.897177
213.781416  51.898909
213.354887  52.158000
213.325262  52.175403
213.531235  52.048855
213.550457  52.041628
213.468738  52.090485
213.734446  51.929691
213.531751  52.053394
213.816792  51.877286
213.409171  52.127369
213.318015  52.184354
213.454253  52.102485
213.676537  51.967097
213.595298  52.016183
213.681079  51.967238
213.455234  52.104958
213.297592  52.200805
213.385087  52.147038
213.762625  51.918655
213.477249  52.093188
213.566440  52.040405
213.796053  51.900007
213.704682  51.956520
213.422882  52.124754
213.561258  52.044874
213.556064  52.048158
213.687600  51.964461
213.774374  51.915949
213.346560  52.175267
213.287504  52.212258
213.627905  52.007145
213.382378  52.156402
213.439315  52.118686
213.395162  52.146244
213.782623  51.914089
213.283411  52.217415
213.808624  51.898534
213.771573  51.921875
213.697901  51.967356
213.432034  52.130021
213.755867  51.932971
213.387345  52.157171
213.535727  52.066183
213.305197  52.204744
213.696006  51.965582
213.716891  51.956988
213.696029  51.970232
213.700407  51.965806
213.351116  52.178731
213.688984  51.973691
213.806460  51.907256
213.730929  51.953838
213.635547  52.012169
213.328249  52.198408
213.349560  52.185671
213.350579  52.184983
213.653468  52.002657
213.794050  51.910165
213.579900  52.048250
213.321581  52.202844
213.659876  51.998553
213.411390  52.153490
213.306803  52.216662
213.475455  52.115282
213.504941  52.098640
213.823382  51.907102
213.710535  51.977789
213.302440  52.225117
213.443372  52.140367
213.833723  51.902574
213.307088  52.221947
213.778125  51.933647
213.375214  52.183983
213.325956  52.213731
213.715447  51.979425
213.776357  51.939480
213.789280  51.926644
213.651623  52.020390
213.622623  52.038204
213.687905  51.999427
213.490518  52.119885
213.673378  52.010484
213.582536  52.065780
