215.205533  53.005767
215.425651  52.873920
215.010697  53.124825
215.186759  53.022863
214.882270  53.205334
214.893071  53.198126
215.173425  53.041499
214.897252  53.206042
215.182180  53.037817
215.179325  53.040707
215.387890  52.921126
215.363550  52.933153
214.997678  53.153029
214.989712  53.161062
214.968229  53.177780
214.994598  53.167531
215.393904  52.931125
215.111913  53.100451
215.386447  52.941717
215.355531  52.969031
215.363876  52.966791
215.192005  53.076896
215.059997  53.151594
215.384239  52.958497
215.231143  53.061120
215.379569  52.982292
215.146487  53.116438
215.500192  52.911946
215.338155  53.007550
214.965836  53.225924
215.151259  53.121504
215.218497  53.079056
215.290938  53.045868
214.969661  53.238093
215.035744  53.200542
215.228824  53.086746
215.316686  53.039570
215.202514  53.106587
215.006375  53.228399
215.250325  53.093224
215.263924  53.102271
215.325811  53.068142
215.363368  53.047976
215.293206  53.094375
215.001850  53.265214
215.232919  53.135779
215.084094  53.233164
215.556596  52.955011
215.067944  53.247843
