213.453905  52.248686
213.483061  52.229310
213.423779  52.271415
213.885858  51.996149
213.497528  52.231740
213.420447  52.282433
213.734724  52.286613
213.862920  52.208500
213.590481  52.373673
213.825063  52.230972
213.880539  52.195985
213.871327  52.199960
213.724109  52.285087
213.884045  52.186520
214.095217  52.062976
213.977043  52.125033
213.777919  52.245809
213.966598  52.128663
213.959293  52.129687
213.533052  52.385106
213.894522  52.164440
213.549409  52.379901
213.548448  52.368377
213.911909  52.143765
213.928504  52.125285
213.658115  52.285468
213.544148  52.352877
213.886064  52.145608
213.664170  52.272694
213.924281  52.113043
213.974804  52.122223
213.794450  52.182558
213.889848  52.123343
213.786062  52.186918
213.587355  52.307629
213.947591  52.085441
213.875632  52.125817
213.801238  52.167354
213.720462  52.213586
213.712419  52.218054
213.817413  52.148952
213.906411  52.093618
213.592444  52.283977
213.500937  52.339064
213.787851  52.161241
213.811908  52.145756
213.817933  52.141402
213.828735  52.132068
213.572442  52.287236
