214.073909  52.487173
214.385217  52.296137
214.150836  52.442434
214.369863  52.310439
214.259366  52.376737
213.989590  52.541119
214.282303  52.364911
214.017154  52.524255
214.281288  52.363384
214.076897  52.490382
214.178684  52.430200
214.340949  52.333792
214.395467  52.301104
214.308863  52.353260
214.219672  52.410358
214.079369  52.492926
214.060829  52.507083
214.186011  52.431927
214.177403  52.437169
214.091251  52.489415
214.309923  52.357252
214.288853  52.370110
214.285006  52.373067
214.317801  52.354402
214.022599  52.527043
214.188270  52.433451
214.165821  52.446654
214.400764  52.305493
214.319369  52.355584
214.132465  52.468762
214.191661  52.433479
214.329768  52.350088
214.076332  52.495556
214.301139  52.368174
214.180216  52.441463
214.074374  52.506824
214.144395  52.464988
214.311630  52.364062
214.343770  52.344654
214.042420  52.526254
214.226167  52.411117
214.429618  52.294530
214.060139  52.511755
214.201060  52.434966
214.414728  52.305334
214.138267  52.473183
214.079970  52.508637
214.155906  52.463035
214.377462  52.328475
214.330342  52.355344
214.258890  52.399910
214.117543  52.487253
214.173999  52.453363
214.093965  52.502426
214.091043  52.505021
214.210339  52.432293
214.395645  52.321187
214.244998  52.412630
214.102023  52.500055
214.176786  52.455685
214.174134  52.456804
214.253647  52.410546
213.962976  52.586364
214.127442  52.481850
214.371044  52.336910
214.066291  52.525208
214.308484  52.379222
214.146632  52.474419
214.090753  52.512303
214.457445  52.289907
214.461348  52.287992
214.025807  52.550211
214.149620  52.478846
214.453077  52.294624
214.126844  52.492987
214.389842  52.332455
214.378787  52.339114
214.170342  52.467013
214.389003  52.334312
214.450807  52.296814
214.249409  52.419657
214.376060  52.340559
214.071639  52.526251
214.295995  52.392050
214.315828  52.380448
214.213304  52.442765
214.075182  52.523708
214.124813  52.497212
214.169768  52.470581
214.247892  52.406176
214.341733  52.366896
214.266812  52.412900
214.434187  52.309193
214.276084  52.408011
214.305394  52.390591
214.253116  52.422506
214.163281  52.476890
214.204813  52.453203
214.374518  52.350290
214.154917  52.484125
214.466880  52.294959
214.172534  52.473000
213.952790  52.606819
214.347991  52.368565
214.274643  52.413118
214.481521  52.287625
214.266606  52.419331
214.102401  52.517664
214.391137  52.344386
213.993594  52.584419
214.286888  52.408250
214.290845  52.405966
214.008831  52.576350
213.951091  52.611117
213.954292  52.608911
213.959576  52.607956
214.137670  52.501087
214.122054  52.510339
214.449939  52.312441
214.394698  52.343863
214.040038  52.561597
214.089984  52.532207
214.322503  52.391872
214.489624  52.290560
214.129938  52.508798
214.199362  52.467705
214.447801  52.318021
213.960900  52.612358
214.349121  52.379738
214.337665  52.387974
214.467166  52.308564
214.319935  52.397449
214.132744  52.512449
214.464843  52.311338
214.022125  52.579746
214.376580  52.365618
214.484398  52.300453
214.380225  52.364346
214.295258  52.414146
213.944806  52.626631
214.321885  52.399558
214.492580  52.295637
213.985699  52.598991
214.126313  52.519931
214.330345  52.396642
214.152684  52.505008
214.319980  52.401934
214.140576  52.512656
214.009428  52.591066
214.491558  52.300902
214.143533  52.512934
214.079264  52.552078
214.227456  52.462967
213.965202  52.621200
214.082390  52.551749
214.123242  52.523996
214.186735  52.489035
214.171963  52.483866
214.098283  52.543615
214.410973  52.355211
214.212701  52.474639
214.006113  52.600283
214.476300  52.316173
214.326922  52.405518
214.402357  52.362759
214.196935  52.487759
214.270534  52.444735
214.472637  52.321814
214.296153  52.427997
214.069306  52.566991
214.348032  52.397875
214.503727  52.304683
214.449563  52.338029
214.465520  52.325204
214.249036  52.460402
214.507815  52.304281
214.451097  52.339069
214.359600  52.391291
214.472254  52.328188
214.168013  52.513849
213.998853  52.616631
214.284871  52.444385
214.211939  52.488745
214.307969  52.430759
214.115828  52.545360
214.287629  52.443402
214.313718  52.425812
214.061288  52.582357
214.320145  52.426474
214.100911  52.559016
214.457278  52.341286
214.337101  52.416499
214.383197  52.389722
214.125862  52.542557
214.483170  52.330703
213.991978  52.627921
214.015791  52.615156
214.377664  52.397478
214.132873  52.545010
214.190590  52.511462
214.179872  52.518202
214.287069  52.452558
214.387114  52.393203
214.182131  52.514448
214.030405  52.609658
214.038623  52.602421
214.473286  52.342151
214.487288  52.329282
214.021127  52.616358
214.107712  52.564353
214.435860  52.361404
214.348679  52.419894
214.487412  52.335478
214.060613  52.595062
214.350356  52.420993
214.111412  52.566063
214.316470  52.443242
213.966224  52.654295
214.083283  52.584809
214.520935  52.318827
214.312961  52.446482
214.025868  52.620854
214.004393  52.635019
214.292938  52.463024
214.384344  52.404126
214.310506  52.453411
214.053121  52.607914
214.456060  52.365771
214.146530  52.547112
214.125335  52.566230
214.526835  52.316903
214.367881  52.422633
214.190704  52.531390
214.192960  52.530321
214.448119  52.364028
214.234157  52.507243
214.317892  52.455836
214.353304  52.431632
214.262498  52.491936
214.422406  52.396131
214.469851  52.367640
214.449845  52.380421
214.508215  52.344755
214.379284  52.423499
214.464075  52.374551
