213.510768  52.174355
213.801202  51.998098
213.470035  52.209296
213.672245  52.081842
213.798914  52.012720
213.473915  52.210541
213.593520  52.139618
213.742093  52.049789
213.869831  51.975881
213.761836  52.043036
213.883275  51.968991
213.757413  52.035703
213.876543  51.972578
213.867931  51.977998
213.918291  51.942946
213.866894  51.979394
213.854837  51.989076
213.668683  52.103968
213.440350  52.242612
213.452220  52.237549
213.473119  52.225616
213.852015  51.995102
213.573897  52.162688
213.577125  52.164262
213.475088  52.228115
213.412371  52.265588
213.655936  52.118883
213.569311  52.166177
213.848534  52.000956
213.553889  52.181058
213.754684  52.059095
213.902574  51.972090
213.413955  52.269858
213.618120  52.146520
213.772632  52.053110
213.453905  52.248686
213.483061  52.229310
213.501549  52.221986
213.580655  52.175976
213.423779  52.271415
213.463705  52.248155
213.619258  52.155844
213.607678  52.162477
213.781479  52.057954
213.858081  52.010059
213.913758  51.976663
213.892146  51.993046
213.885858  51.996149
213.497578  52.235146
213.497528  52.231740
213.917884  51.979193
213.624931  52.158475
213.458599  52.257819
213.420447  52.282433
213.699985  52.114339
213.623361  52.161736
213.673382  52.133734
213.457197  52.265483
213.843404  52.221078
213.734724  52.286613
213.862920  52.208500
213.590481  52.373673
213.825063  52.230972
213.880539  52.195985
213.718571  52.294124
214.084786  52.069170
213.871327  52.199960
213.819273  52.231785
214.022694  52.106360
213.878373  52.193458
213.858916  52.205203
213.714764  52.292367
214.000732  52.115654
213.724109  52.285087
213.933053  52.157040
213.884045  52.186520
214.095217  52.062976
213.590347  52.364365
213.689061  52.301731
213.977043  52.125033
213.777919  52.245809
213.673957  52.308177
213.966598  52.128663
213.579866  52.362731
213.959293  52.129687
213.991773  52.109814
213.729318  52.269820
213.820383  52.212507
213.675799  52.310982
214.070694  52.058824
213.533052  52.385106
213.765635  52.244414
213.894522  52.164440
213.549409  52.379901
213.607881  52.336564
213.584981  52.349823
213.593665  52.344432
213.629858  52.321851
213.548448  52.368377
213.802309  52.213974
213.736309  52.254069
213.701312  52.274682
213.911909  52.143765
213.969774  52.104037
213.931356  52.127609
213.820060  52.195050
213.715904  52.257636
213.636027  52.304843
213.928504  52.125285
213.546433  52.357685
213.795057  52.202941
213.658115  52.285468
213.544148  52.352877
213.961666  52.099657
213.649309  52.289974
213.886064  52.145608
213.784651  52.206486
213.635588  52.296649
213.812944  52.189108
213.959752  52.098046
213.613275  52.308364
213.862214  52.155261
213.653224  52.279728
213.664170  52.272694
213.924281  52.113043
213.664908  52.268228
213.974804  52.122223
213.634444  52.286903
213.930012  52.103396
213.768406  52.199651
213.794450  52.182558
213.885588  52.126788
213.889848  52.123343
213.786062  52.186918
213.587355  52.307629
213.952457  52.084880
213.958546  52.132280
213.771275  52.195460
213.947591  52.085441
213.592931  52.302349
213.571745  52.313653
