215.809751  53.186308
215.353015  53.457756
215.603063  53.309636
215.440258  53.404498
215.889596  53.134335
215.776994  53.204314
215.353913  53.455206
215.883650  53.137011
215.532557  53.349445
215.874917  53.144071
215.837538  53.164354
215.555320  53.335686
215.562572  53.326676
215.777515  53.201359
215.877506  53.135202
215.579512  53.313683
215.762192  53.197948
215.547831  53.330803
215.874013  53.132548
215.415565  53.407101
215.577363  53.309796
215.825092  53.159520
215.812972  53.165256
215.835444  53.149615
215.579170  53.302462
215.840692  53.144494
215.320457  53.454039
215.773153  53.182896
215.594353  53.289613
215.656145  53.248560
215.459984  53.376121
215.652096  53.251301
215.735454  53.198936
215.569026  53.296862
215.424478  53.376841
215.576675  53.291175
215.760857  53.180874
215.696547  53.219026
215.783619  53.165619
215.568023  53.295469
215.297085  53.459882
215.718626  53.203789
215.402883  53.391578
215.786956  53.175446
215.730869  53.196906
215.740323  53.185496
215.756361  53.175229
215.679169  53.220608
215.650507  53.238575
215.714207  53.199308
215.375538  53.400568
215.575645  53.277585
215.322751  53.428304
215.734498  53.184936
215.278894  53.442195
215.846133  53.114257
215.734316  53.181158
215.379716  53.391422
215.783260  53.150596
215.393219  53.379789
215.459111  53.340491
215.756395  53.161269
215.475357  53.330750
215.281983  53.444053
215.606150  53.251096
215.715711  53.184581
215.773908  53.147370
215.534441  53.290484
215.732324  53.171841
215.591758  53.254602
215.728631  53.170430
215.397072  53.364825
215.408334  53.361092
215.394243  53.369191
215.768210  53.142967
215.512376  53.292468
215.471574  53.315887
215.745394  53.154088
215.596216  53.239631
215.424929  53.345944
215.546231  53.268013
215.411125  53.349008
215.797628  53.115504
215.553531  53.262357
215.466752  53.314058
215.302699  53.411165
215.570630  53.247981
215.729498  53.154538
215.689984  53.175478
215.585080  53.241931
215.793016  53.114088
215.727812  53.127819
215.571598  53.240770
215.458973  53.310664
215.817343  53.095063
215.726550  53.148512
215.259745  53.424375
215.765870  53.122646
215.485530  53.284948
215.245316  53.426968
215.300530  53.394325
215.642250  53.201344
215.392529  53.351054
215.809206  53.087118
215.455213  53.307847
215.394601  53.334534
215.648844  53.180097
215.358819  53.351270
215.739940  53.127120
215.460475  53.286371
215.546016  53.234780
215.746637  53.112952
215.797095  53.082399
215.297837  53.380485
215.721090  53.128153
215.547558  53.232925
215.703579  53.136825
215.558871  53.222908
215.329683  53.359671
215.711599  53.131683
215.291826  53.379397
215.257420  53.399269
215.288263  53.380248
215.320889  53.359876
215.653290  53.162981
215.697897  53.135394
215.291265  53.377773
215.708188  53.127046
215.662499  53.153936
215.373302  53.322996
215.650467  53.156423
215.718352  53.114892
215.641919  53.160453
215.652004  53.158150
215.613282  53.175907
215.339476  53.340970
215.358943  53.326716
215.408545  53.297006
215.752087  53.095559
215.349181  53.329072
