214.783850  52.664742
214.523664  52.824834
214.930231  52.582147
214.825177  52.643253
214.640541  52.757918
214.739564  52.697043
214.917308  52.591739
214.884739  52.612673
214.748742  52.698358
214.886688  52.615130
214.493659  52.850474
214.533231  52.823319
214.951385  52.577451
214.505459  52.844897
214.880582  52.620487
214.524249  52.835202
214.756140  52.698107
214.747266  52.704091
214.900221  52.612479
214.822562  52.661068
214.528289  52.837864
214.515921  52.846299
214.758244  52.696713
214.857515  52.640516
214.892201  52.622663
214.929520  52.597849
214.691164  52.748823
214.750475  52.713580
214.835787  52.666205
214.721572  52.736324
214.684239  52.762479
214.787530  52.701101
214.549209  52.844483
214.788666  52.701814
214.583846  52.825333
214.488012  52.885567
214.449930  52.910396
214.561913  52.846523
214.517117  52.871229
214.437646  52.923404
214.513715  52.883625
214.740566  52.750112
214.813386  52.707581
214.802031  52.710602
214.518610  52.889369
214.900797  52.659565
214.471113  52.919138
214.916976  52.649760
214.994379  52.606229
214.721551  52.771570
214.943734  52.639034
214.473447  52.920960
214.684665  52.795348
214.698283  52.786630
214.960315  52.631935
214.997301  52.611306
214.540632  52.881813
214.778751  52.745307
214.509428  52.906084
214.660291  52.819699
214.635549  52.836086
214.977666  52.627497
215.008126  52.619264
214.892339  52.683859
214.803379  52.744328
215.010082  52.620399
214.729930  52.789617
214.622399  52.852191
214.660112  52.833116
214.874701  52.705069
214.485692  52.937593
214.631871  52.850825
214.877034  52.706895
215.017551  52.622402
214.542497  52.907828
214.693188  52.817737
214.699515  52.814766
214.961146  52.654761
214.740809  52.791092
214.595124  52.878238
214.928435  52.679487
214.704248  52.810594
214.939139  52.672100
214.752183  52.788301
214.677988  53.041669
214.681052  53.037246
214.946060  52.876120
214.645961  53.054015
214.878876  52.914164
214.884489  52.910209
214.699945  53.019520
215.068637  52.797609
214.667098  53.037664
214.970644  52.853018
215.100300  52.775333
214.717010  53.009045
215.076086  52.786616
215.090837  52.776479
214.823547  52.936879
215.100006  52.768651
214.740465  52.985057
215.115271  52.757438
214.868377  52.903183
215.111908  52.754735
214.748079  52.973241
214.966500  52.841948
215.078763  52.773764
214.883837  52.890927
214.915981  52.870979
214.733172  52.980115
214.896993  52.880473
215.097302  52.758844
215.127525  52.739157
215.058634  52.776615
215.060335  52.773458
214.753798  52.956962
215.113607  52.734919
214.906872  52.863669
214.762693  52.943766
215.083049  52.750970
214.871370  52.881750
214.853562  52.885832
214.698254  52.975961
214.874130  52.868439
214.905608  52.847434
215.145931  52.700335
215.099833  52.726594
215.051293  52.754993
214.946719  52.819337
214.637305  53.002561
214.667805  52.983713
214.764130  52.925970
214.660606  52.987371
214.969443  52.801063
215.047944  52.753210
214.806973  52.897340
215.025315  52.770295
214.743214  52.934146
214.804400  52.896205
214.696012  52.960974
