214.466479  52.584165
214.372502  52.637828
214.341714  52.667200
214.217267  52.733925
214.687229  52.446222
214.312774  52.674640
214.598936  52.499518
214.670441  52.458156
214.175185  52.764972
214.681648  52.449344
214.646764  52.470532
214.360455  52.639009
214.323882  52.744848
214.199296  52.739501
214.540118  52.379503
214.566360  52.510156
214.748456  52.478742
214.355962  52.635662
214.205266  52.760402
214.641798  52.456960
214.206382  52.719944
214.737908  52.486472
214.180441  52.733042
214.445209  52.580188
214.209236  52.713452
214.400389  52.598560
214.597789  52.477383
214.599220  52.478762
214.239017  52.693746
214.369443  52.614288
214.681204  52.423985
214.504819  52.530233
214.149374  52.743724
214.605110  52.467478
214.311319  52.646683
214.259006  52.676617
214.348358  52.619801
214.135168  52.748833
214.538743  52.503959
214.145291  52.739038
214.596037  52.481907
214.354965  52.610136
214.174344  52.715450
214.598131  52.459515
214.656239  52.427252
214.622438  52.443976
214.370016  52.597710
214.385240  52.578083
214.396815  52.576501
214.615518  52.438358
214.581720  52.458809
214.464170  52.529693
214.136814  52.729308
214.570183  52.466235
214.302113  52.626918
214.595172  52.452447
214.537305  52.380885
214.270659  52.643881
214.615733  52.430466
214.462377  52.426193
214.137548  52.720428
214.155495  52.708236
214.390835  52.563719
214.398405  52.559004
214.633967  52.415018
214.530027  52.477200
214.612933  52.426011
214.275723  52.631377
214.341673  52.589597
214.213559  52.577479
214.132558  52.711601
214.302158  52.608829
214.149769  52.700222
214.400980  52.546264
214.382012  52.555688
214.629791  52.404850
214.221576  52.653076
214.382987  52.553073
214.497687  52.481993
214.390768  52.545534
214.588122  52.425323
214.493324  52.482731
214.556169  52.441836
214.442842  52.512153
214.290685  52.602620
214.532305  52.456514
214.304346  52.594401
214.413896  52.528132
214.377188  52.550006
214.569904  52.432440
214.548907  52.444833
214.125392  52.700733
214.131872  52.699170
214.224003  52.640423
214.226857  52.638119
214.152646  52.683172
214.345539  52.566929
214.131871  52.691232
214.084153  52.719026
214.189935  52.652769
214.110820  52.698044
214.085893  52.713878
214.177519  52.658081
214.339488  52.556607
214.546433  52.429666
214.278611  52.593019
214.330829  52.560160
214.081822  52.710500
214.272988  52.596712
214.099045  52.700622
214.484536  52.465984
214.590369  52.403852
214.361873  52.539177
214.446672  52.486255
214.122256  52.681124
214.351347  52.537354
214.084684  52.702162
214.393219  52.518582
214.292243  52.575393
214.276534  52.584596
214.438940  52.485762
214.277990  52.582912
214.187595  52.635098
214.060391  52.709477
214.185779  52.623123
214.244376  52.596993
214.615218  52.380226
214.092891  52.687334
214.475413  52.455769
214.215517  52.614771
214.567394  52.586611
214.472627  52.456030
214.276938  52.573613
214.532835  52.417768
214.089164  52.685412
214.347498  52.531607
214.573102  52.389476
214.490594  52.632232
214.091932  52.681671
214.142509  52.651930
214.055072  52.702873
