213.819550  52.417502
213.801718  52.429608
213.943655  52.345282
213.908248  52.367116
213.952748  52.340915
213.910414  52.366782
213.840028  52.409796
214.055117  52.280736
213.864361  52.396355
214.019707  52.304207
213.781225  52.441275
213.866094  52.397249
213.791017  52.442608
214.014670  52.308308
213.960718  52.341871
213.954585  52.345792
214.029195  52.300949
214.009629  52.312910
214.103059  52.256602
213.958407  52.345266
213.809639  52.434762
214.032623  52.300971
214.091399  52.265580
213.978164  52.332905
214.017677  52.310560
213.932909  52.361888
214.081068  52.272700
213.964541  52.343270
214.085093  52.270530
214.131465  52.245548
214.213012  52.196425
213.874007  52.401569
214.168816  52.223658
214.185744  52.213507
214.199973  52.205561
214.218227  52.195266
214.195168  52.209404
214.163112  52.230046
214.018696  52.317497
214.143996  52.241908
213.980015  52.341138
213.826108  52.434283
214.192676  52.213205
214.169234  52.228293
214.009831  52.324857
213.958954  52.356213
213.826229  52.435823
214.196376  52.213711
214.046558  52.303624
214.233336  52.191526
214.042854  52.307321
213.931328  52.371520
214.213550  52.205091
213.987438  52.340167
213.842293  52.429931
213.901097  52.394664
213.930394  52.377943
213.951235  52.365714
214.273451  52.169799
213.914453  52.388214
214.247133  52.186493
213.863930  52.419089
213.898855  52.398275
214.036954  52.315468
213.910766  52.391638
214.103429  52.273643
214.256005  52.186057
214.172687  52.236839
213.851512  52.430736
213.994341  52.345884
214.131870  52.262886
214.160032  52.246463
214.079061  52.295648
214.236763  52.201449
214.117480  52.275016
213.981273  52.357820
214.106183  52.283210
214.012021  52.340204
214.292332  52.170176
213.874110  52.426030
214.026006  52.335454
213.977596  52.364753
214.281832  52.179820
214.213968  52.220933
214.264547  52.184429
214.123213  52.277732
214.113804  52.284337
214.236989  52.209683
213.977204  52.367600
213.911792  52.407324
213.983724  52.361431
214.126977  52.278574
214.192667  52.240034
214.045992  52.328975
214.148961  52.266745
213.898553  52.416405
213.984762  52.364398
214.036858  52.333066
213.931163  52.399108
213.983769  52.368991
213.868571  52.438417
214.158378  52.261681
214.028205  52.343081
214.110261  52.293991
213.865258  52.440358
214.220068  52.227634
214.053744  52.328871
214.270823  52.199233
214.059114  52.327661
214.063563  52.324837
214.093921  52.306702
214.239529  52.218393
214.164674  52.264631
213.975804  52.378882
214.093471  52.308330
214.020824  52.352528
214.026458  52.349255
214.037171  52.342859
214.290561  52.191139
213.887638  52.434843
213.909777  52.421625
214.071583  52.324595
214.163344  52.269138
214.092518  52.312363
214.130951  52.290598
214.152722  52.277485
214.278948  52.200930
213.947199  52.402235
213.877680  52.444936
214.164957  52.270755
213.881791  52.441316
214.051294  52.341413
214.277922  52.204371
213.911211  52.427302
213.979980  52.386719
214.303083  52.191300
214.175402  52.269005
214.093169  52.320122
214.083386  52.326079
214.248313  52.224224
214.280614  52.207058
214.165024  52.277351
214.238203  52.229935
214.158979  52.281159
213.960714  52.401151
214.176417  52.271799
214.083542  52.329522
213.986617  52.387966
214.288431  52.199035
214.163215  52.282293
214.235798  52.235336
214.300103  52.199349
214.282909  52.211504
214.096635  52.325492
214.178384  52.277232
214.218095  52.252015
214.273604  52.220267
213.900419  52.443648
214.073964  52.340380
214.183563  52.275222
213.897218  52.446982
213.896967  52.448620
213.890793  52.452290
214.152868  52.294419
214.303712  52.201721
214.160542  52.287712
214.309257  52.200307
214.027717  52.370892
214.046364  52.361606
214.186218  52.277083
214.015731  52.380366
214.052561  52.357248
213.953457  52.418594
213.988828  52.398385
214.066641  52.351025
214.257466  52.236508
214.322517  52.197278
213.976140  52.407480
214.004728  52.390255
214.184779  52.281808
214.166735  52.293051
214.078420  52.348417
214.291741  52.219094
214.092269  52.337797
214.089374  52.342126
213.956233  52.422667
214.019615  52.384677
214.175059  52.290404
214.288383  52.221477
214.044222  52.370626
213.933551  52.435360
213.990529  52.401527
214.086620  52.345301
214.071063  52.354034
214.192005  52.281551
213.977975  52.411249
214.058597  52.362820
214.208510  52.272137
214.189600  52.283352
214.010183  52.393619
213.949877  52.429912
214.168304  52.298200
214.180101  52.289166
214.273520  52.233898
214.294589  52.221654
214.088432  52.346584
213.926111  52.440348
214.288909  52.228082
214.084028  52.352862
214.091545  52.350251
214.318197  52.212638
214.140894  52.320187
214.069998  52.362931
214.144680  52.318678
214.068127  52.364230
214.242603  52.261021
214.175962  52.301713
214.276380  52.241085
214.102936  52.346437
214.093925  52.351984
213.956350  52.434814
213.942714  52.443465
214.344149  52.200559
214.110418  52.343056
214.011886  52.402860
214.054242  52.375251
213.936269  52.449575
214.301765  52.226750
214.035092  52.387137
214.234045  52.271321
213.931247  52.454335
214.221455  52.278883
214.192239  52.298255
214.089199  52.361267
214.103099  52.353274
214.101812  52.355422
214.030528  52.398638
213.941368  52.450128
214.258220  52.260694
214.197115  52.299371
214.222282  52.284646
213.930241  52.459737
214.020390  52.408493
213.940059  52.457475
