213.819550  52.417502
213.781225  52.441275
213.791017  52.442608
214.014670  52.308308
213.809639  52.434762
214.091399  52.265580
213.978164  52.332905
213.932909  52.361888
213.964541  52.343270
214.213012  52.196425
214.168816  52.223658
214.195168  52.209404
214.163112  52.230046
213.931328  52.371520
213.987438  52.340167
213.842293  52.429931
214.256005  52.186057
213.874110  52.426030
214.213968  52.220933
214.264547  52.184429
213.977204  52.367600
213.898553  52.416405
214.036858  52.333066
213.931163  52.399108
214.158378  52.261681
213.865258  52.440358
214.239529  52.218393
214.093471  52.308330
214.164957  52.270755
213.881791  52.441316
214.248313  52.224224
214.238203  52.229935
214.083542  52.329522
214.288431  52.199035
214.235798  52.235336
214.282909  52.211504
213.900419  52.443648
214.073964  52.340380
213.897218  52.446982
214.166735  52.293051
214.078420  52.348417
214.092269  52.337797
213.990529  52.401527
214.058597  52.362820
214.180101  52.289166
213.926111  52.440348
214.069998  52.362931
214.110418  52.343056
