224100084    213.819550    52.417502    -20.641900    0.314718     0.504000     0.007350
224100265    213.781225    52.441275    -22.705400    0.272336     0.466000     0.067600
224100288    213.791017    52.442608    -22.172900    0.256048     0.526000     0.012100
224100292    214.014670    52.308308    -22.245800    0.133560     0.486000     0.006150
224100355    213.809639    52.434762    -23.100700    0.075398     0.508000     0.023450
224100363    214.091399    52.265580    -22.105200    0.180585     0.474000     0.066050
224100369    213.978164    52.332905    -23.048700    0.193639     0.516000     0.011800
224100381    213.932909    52.361888    -22.145600    0.183669     0.434000     0.027900
224100412    213.964541    52.343270    -23.050600    0.051778     0.448000     0.004000
224100491    214.213012    52.196425    -22.024000    0.279906     0.556000     0.017150
224100494    214.168816    52.223658    -22.102900    0.098101     0.450000     0.008500
224100568    214.195168    52.209404    -22.262400    0.160606     0.446000     0.018850
224100571    214.163112    52.230046    -22.142700    0.168072     0.518000     0.014000
224100703    213.931328    52.371520    -22.720100    0.064915     0.572000     0.005950
224100734    213.987438    52.340167    -22.778900    0.069048     0.456000     0.004650
224100754    213.842293    52.429931    -22.911100    0.174601     0.532000     0.015800
224100897    214.256005    52.186057    -22.885400    0.066630     0.520000     0.006350
224101164    213.874110    52.426030    -22.472100    0.202899     0.536000     0.004600
224101196    214.213968    52.220933    -23.451500    0.041229     0.520000     0.006250
224101212    214.264547    52.184429    -22.784800    0.019867     0.280000     0.001400
224101264    213.977204    52.367600    -22.778300    0.115055     0.532000     0.013100
224101354    213.898553    52.416405    -22.248300    0.045105     0.402000     0.004700
224101391    214.036858    52.333066    -23.081300    0.075153     0.534000     0.007250
224101396    213.931163    52.399108    -22.208100    0.141720     0.524000     0.007600
224101435    214.158378    52.261681    -22.133300    0.080825     0.370000     0.003300
224101459    213.865258    52.440358    -22.130900    0.181765     0.478000     0.020650
224101557    214.239529    52.218393    -22.105100    0.180851     0.440000     0.003650
224101585    214.093471    52.308330    -22.077300    0.233635     0.526000     0.013500
224101788    214.164957    52.270755    -22.014100    0.146176     0.444000     0.007950
224101790    213.881791    52.441316    -22.989600    0.088877     0.470000     0.006600
224101906    214.248313    52.224224    -23.217400    0.170522     0.566000     0.012050
224101926    214.238203    52.229935    -23.883900    0.044668     0.530000     0.003100
224102005    214.083542    52.329522    -22.396700    0.183712     0.566000     0.033550
224102011    214.288431    52.199035    -22.497500    0.023861     0.280000     0.000650
224102034    214.235798    52.235336    -22.700500    0.032411     0.356000     0.005100
224102091    214.282909    52.211504    -22.289000    0.114287     0.442000     0.017050
224102172    213.900419    52.443648    -22.151100    0.077591     0.392000     0.005350
224102173    214.073964    52.340380    -22.120900    0.077836     0.458000     0.030100
224102188    213.897218    52.446982    -23.332000    0.134298     0.502000     0.003500
224102442    214.166735    52.293051    -23.770200    0.051763     0.534000     0.005550
224102448    214.078420    52.348417    -23.153600    0.090851     0.516000     0.006850
224102453    214.092269    52.337797    -22.265900    0.100720     0.434000     0.006500
224102507    213.990529    52.401527    -23.226600    0.077723     0.512000     0.003950
224102532    214.058597    52.362820    -22.612700    0.307585     0.536000     0.065650
224102590    214.180101    52.289166    -22.747300    0.094739     0.458000     0.006900
224102665    213.926111    52.440348    -23.031700    0.024257     0.280000     0.001000
224102777    214.069998    52.362931    -23.072800    0.068103     0.488000     0.005450
224102893    214.110418    52.343056    -22.092900    0.234004     0.536000     0.016100
224103030    213.931247    52.454335    -22.765700    0.158648     0.570000     0.008000
224103135    213.941368    52.450128    -23.065900    0.091819     0.388000     0.003200
224103150    214.258220    52.260694    -22.889700    0.097517     0.504000     0.007300
224103186    213.930241    52.459737    -22.567600    0.063135     0.394000     0.003600
224103261    214.126293    52.341439    -22.417700    0.032076     0.372000     0.004000
224103295    214.203952    52.293995    -23.416500    0.033640     0.364000     0.002000
224103335    214.120671    52.352997    -22.122700    0.260219     0.532000     0.057150
224103357    213.949113    52.457054    -22.041700    0.233003     0.530000     0.011500
224103418    213.930978    52.469917    -22.417400    0.133976     0.510000     0.017750
224103464    214.301709    52.247332    -22.875400    0.340381     0.550000     0.014100
224103481    214.027713    52.413805    -23.503100    0.150688     0.574000     0.008850
224103684    214.036545    52.415047    -22.513500    0.148726     0.536000     0.012200
224103703    214.270527    52.273431    -22.152300    0.087614     0.412000     0.009450
224103726    214.266139    52.275383    -22.335000    0.037155     0.368000     0.003700
224103732    214.350328    52.225143    -22.600400    0.113320     0.470000     0.010300
224103796    214.076074    52.395158    -22.422600    0.114406     0.466000     0.003200
224103954    214.086325    52.392671    -22.721500    0.053415     0.356000     0.000550
224103962    214.329847    52.245385    -22.909400    0.093785     0.498000     0.013500
224104031    214.239544    52.302957    -22.693900    0.044559     0.424000     0.007200
224104288    214.320011    52.258114    -22.446900    0.029561     0.286000     0.001400
224104330    214.121161    52.385317    -22.110000    0.212018     0.476000     0.013000
224104372    214.356276    52.237896    -22.388600    0.041644     0.288000     0.001550
224104414    214.140200    52.376905    -22.003100    0.423389     0.440000     0.229100
224104540    214.062221    52.427081    -22.098400    0.055133     0.358000     0.008150
224104599    214.181491    52.350689    -22.557000    0.023167     0.264000     0.000700
224104743    214.295516    52.290959    -23.192200    0.096785     0.518000     0.003300
224104779    214.396558    52.232248    -22.058300    0.078403     0.418000     0.011200
224104864    213.973670    52.489616    -22.300900    0.068275     0.406000     0.020750
224104882    214.252867    52.321837    -22.760200    0.128639     0.558000     0.010650
224104886    214.187870    52.363264    -22.118200    0.158424     0.596000     0.020250
224105006    214.103922    52.416681    -22.456700    0.305742     0.518000     0.012300
224105074    214.143811    52.393096    -22.164000    0.232487     0.492000     0.014750
224105098    214.261545    52.323417    -22.881600    0.156691     0.564000     0.026150
224105127    214.065647    52.442578    -22.016100    0.287785     0.534000     0.005250
224105129    214.156847    52.388534    -22.276300    0.269716     0.526000     0.006800
224105194    214.183234    52.371962    -23.085000    0.068745     0.518000     0.009700
224105329    214.298528    52.308524    -22.699700    0.182632     0.508000     0.015000
224105336    214.406311    52.243667    -22.047500    0.115467     0.412000     0.008750
224105437    214.283316    52.323734    -22.007300    0.129596     0.448000     0.012150
224105460    214.254068    52.342149    -22.217000    0.209550     0.528000     0.054050
224105467    213.971505    52.512823    -22.701800    0.081520     0.474000     0.005500
224105471    214.148563    52.405428    -22.650300    0.260877     0.526000     0.031850
224105493    213.988925    52.502369    -22.279100    0.138792     0.528000     0.016050
224105573    214.177550    52.390178    -23.161900    0.082184     0.512000     0.004900
224105593    214.224902    52.363777    -22.938200    0.057789     0.504000     0.003350
224105672    214.373469    52.274861    -22.535000    0.077832     0.438000     0.009400
224105936    214.398961    52.263730    -22.547100    0.031674     0.276000     0.002600
224105961    214.314117    52.320780    -22.518900    0.060895     0.420000     0.008500
224105978    214.345300    52.300661    -22.932200    0.028780     0.330000     0.003950
224105981    214.348975    52.299664    -22.015000    0.144458     0.334000     0.000900
224105996    214.426369    52.255315    -22.616800    0.075293     0.418000     0.002650
224106007    214.251681    52.362816    -22.344500    0.134828     0.552000     0.020850
224106111    214.347796    52.308148    -22.249700    0.137806     0.494000     0.053550
224106120    214.299320    52.336646    -22.744000    0.076262     0.436000     0.002250
224106131    214.365436    52.299010    -22.419000    0.132853     0.502000     0.008550
224106140    214.367331    52.297494    -22.156500    0.210268     0.412000     0.024200
224106176    213.994556    52.524244    -23.078900    0.209033     0.574000     0.006350
224106197    213.974826    52.532783    -24.124600    0.187482     0.598000     0.003350
224106296    214.262535    52.365902    -22.495600    0.141754     0.540000     0.013200
224106367    214.037791    52.503760    -22.268900    0.120957     0.466000     0.007450
224106541    214.259366    52.376737    -23.053400    0.132960     0.522000     0.009400
224106587    214.281288    52.363384    -22.040100    0.059240     0.328000     0.002300
224106717    214.308863    52.353260    -22.023800    0.166264     0.334000     0.005750
224106779    214.079369    52.492926    -22.365700    0.057641     0.354000     0.002300
224106826    214.285006    52.373067    -22.416300    0.298286     0.562000     0.042650
224106954    214.076332    52.495556    -24.059800    0.022539     0.356000     0.001000
224106967    214.301139    52.368174    -22.448400    0.256534     0.526000     0.020450
224107068    214.042420    52.526254    -22.305800    0.082569     0.410000     0.003800
224107115    214.429618    52.294530    -22.602400    0.077094     0.506000     0.006000
224107123    214.060139    52.511755    -23.015400    0.024009     0.290000     0.001550
224107145    214.414728    52.305334    -22.018900    0.136538     0.492000     0.019250
224107193    214.330342    52.355344    -22.775400    0.075819     0.556000     0.015600
224107200    214.258890    52.399910    -22.388300    0.145943     0.438000     0.007900
224107398    214.371044    52.336910    -22.753500    0.202767     0.442000     0.026000
224107421    214.146632    52.474419    -22.641300    0.076388     0.456000     0.003850
224107451    214.457445    52.289907    -22.375100    0.252329     0.526000     0.015300
224107452    214.461348    52.287992    -22.496300    0.149469     0.516000     0.005500
224107496    214.378787    52.339114    -22.003300    0.059805     0.396000     0.008250
224107531    214.295995    52.392050    -22.202300    0.244674     0.548000     0.012300
224107608    214.247892    52.406176    -23.481600    0.025909     0.280000     0.002150
224107656    214.276084    52.408011    -22.167200    0.245496     0.574000     0.038300
224107751    214.172534    52.473000    -22.679600    0.086643     0.466000     0.008950
224107769    214.274643    52.413118    -22.611600    0.227030     0.590000     0.019600
224107939    214.394698    52.343863    -23.329900    0.070326     0.534000     0.005750
224108000    214.129938    52.508798    -22.147400    0.135093     0.566000     0.058750
224108099    214.337665    52.387974    -22.289400    0.283778     0.544000     0.047800
224108107    214.319935    52.397449    -22.511000    0.098618     0.470000     0.004650
224108185    213.985699    52.598991    -22.798100    0.016772     0.280000     0.001700
224108234    214.319980    52.401934    -22.098800    0.034600     0.288000     0.000850
224108362    214.171963    52.483866    -22.375100    0.017921     0.236000     0.001750
224108363    214.098283    52.543615    -22.209700    0.174389     0.546000     0.086300
224108426    214.326922    52.405518    -22.022100    0.036750     0.280000     0.003150
224108510    214.296153    52.427997    -22.753800    0.050248     0.420000     0.004400
224108541    214.503727    52.304683    -22.012800    0.182991     0.502000     0.011550
224108598    214.359600    52.391291    -22.547600    0.105706     0.546000     0.001800
224108664    214.168013    52.513849    -22.228000    0.279301     0.514000     0.015950
224108702    213.998853    52.616631    -22.354300    0.360312     0.220000     0.058150
224108725    214.313718    52.425812    -23.255500    0.095194     0.532000     0.009050
224108979    214.287069    52.452558    -23.040700    0.166276     0.530000     0.006900
224109025    214.487288    52.329282    -22.112100    0.016353     0.238000     0.001200
224109073    214.348679    52.419894    -22.181600    0.235141     0.466000     0.012850
224109313    214.384344    52.404126    -22.604500    0.017025     0.282000     0.001100
224109412    214.526835    52.316903    -23.809600    0.140911     0.440000     0.002400
224109484    214.448119    52.364028    -22.935600    0.017397     0.242000     0.002150
224109531    214.317892    52.455836    -22.488700    0.246692     0.554000     0.006950
224109665    214.508215    52.344755    -22.915200    0.041747     0.430000     0.002300
224109675    214.379284    52.423499    -22.290500    0.148775     0.416000     0.003350
224109774    214.112061    52.590498    -22.025700    0.131401     0.476000     0.015300
224109796    214.340323    52.452675    -23.306200    0.062765     0.284000     0.000150
224109997    214.165878    52.563390    -22.576900    0.023450     0.282000     0.001150
224110081    214.360071    52.451733    -22.144600    0.105044     0.416000     0.003450
224110130    214.509712    52.358941    -22.151100    0.021352     0.238000     0.001200
224110131    214.379876    52.443291    -23.362800    0.254555     0.530000     0.115550
224110153    214.334090    52.472062    -22.130700    0.170943     0.552000     0.009450
224110162    214.332492    52.473358    -22.670700    0.070193     0.536000     0.005550
224110268    214.128882    52.599227    -22.754900    0.072414     0.458000     0.005050
224110604    214.509082    52.380822    -22.047200    0.275920     0.426000     0.081550
224110804    214.186078    52.583322    -22.796400    0.185428     0.496000     0.012400
224110812    214.509410    52.387543    -22.100400    0.115710     0.434000     0.006450
224110838    214.146575    52.608960    -22.018600    0.245810     0.474000     0.015200
224110917    214.474189    52.717235    -22.161800    0.246609     0.496000     0.012400
224111166    214.719532    52.583296    -22.212500    0.135544     0.466000     0.036900
224111183    214.595436    52.658118    -22.381400    0.167467     0.584000     0.008650
224111196    214.382971    52.789048    -22.804400    0.041536     0.348000     0.002900
224111266    214.764754    52.550902    -22.290300    0.157124     0.480000     0.006250
224111501    214.713414    52.575710    -22.428700    0.410010     0.572000     0.067700
224111602    214.521848    52.687198    -22.054000    0.032828     0.290000     0.001000
224111651    214.475996    52.714128    -22.256600    0.294446     0.464000     0.085400
224111656    214.569726    52.656711    -22.172900    0.228245     0.558000     0.005250
224111715    214.594950    52.639316    -22.744900    0.098456     0.584000     0.006350
224111727    214.684875    52.584206    -22.057000    0.307210     0.572000     0.018750
224111810    214.312626    52.806180    -22.211000    0.193642     0.590000     0.043350
224111955    214.558908    52.652362    -22.240000    0.023905     0.260000     0.001250
224111994    214.555577    52.653495    -23.063100    0.074998     0.468000     0.008750
224112150    214.762745    52.522841    -22.096100    0.086679     0.438000     0.005400
224112215    214.285268    52.810482    -22.478900    0.126903     0.456000     0.003500
224112350    214.670142    52.573342    -22.155300    0.088912     0.424000     0.007600
224112586    214.768723    52.499856    -22.570300    0.125891     0.464000     0.003950
224112624    214.539451    52.639106    -22.773700    0.232504     0.536000     0.009550
224112727    214.664495    52.558366    -22.286500    0.377006     0.572000     0.040150
224112738    214.393356    52.725527    -22.440500    0.237424     0.580000     0.016600
224112765    214.283286    52.787954    -22.343800    0.271325     0.528000     0.207000
224112785    214.586728    52.603097    -23.662300    0.170226     0.572000     0.009150
224112912    214.279977    52.794446    -23.525800    0.324145     0.594000     0.017100
224113002    214.178071    52.596773    -23.884700    0.064829     0.544000     0.006750
224113048    214.661665    52.549570    -22.191500    0.318544     0.578000     0.069650
224113211    214.395312    52.464485    -22.105000    0.057934     0.378000     0.001000
224113294    214.652760    52.545585    -22.195300    0.028826     0.250000     0.001300
224113518    214.732577    52.472826    -22.042700    0.138392     0.444000     0.054550
224113574    214.375744    52.688825    -22.418200    0.078667     0.450000     0.007400
224113761    214.498836    52.606775    -22.296000    0.198770     0.476000     0.012150
224113921    214.381039    52.673404    -22.962600    0.241709     0.596000     0.013800
224113924    214.220355    52.770103    -22.909900    0.092632     0.530000     0.009200
224114558    214.463353    52.586450    -23.206100    0.015541     0.240000     0.001400
224114818    214.601547    52.506644    -22.478500    0.050116     0.442000     0.004500
224114829    214.200157    52.750817    -22.321900    0.123003     0.524000     0.008200
224114982    214.387650    52.631340    -22.579900    0.066701     0.356000     0.004050
224115005    214.372502    52.637828    -23.920300    0.022335     0.356000     0.001500
224115025    214.217267    52.733925    -22.219100    0.401710     0.530000     0.074500
224115068    214.598936    52.499518    -22.046800    0.133979     0.542000     0.008900
224115293    214.360455    52.639009    -22.671200    0.042802     0.356000     0.001600
224115370    214.540118    52.379503    -22.095000    0.106510     0.480000     0.005950
224115409    214.566360    52.510156    -23.508400    0.080014     0.548000     0.004700
224115469    214.355962    52.635662    -22.553600    0.031939     0.354000     0.002600
224115638    214.206382    52.719944    -23.222600    0.258942     0.524000     0.013600
224115692    214.180441    52.733042    -22.603200    0.075806     0.384000     0.001350
224115778    214.400389    52.598560    -22.409700    0.282639     0.574000     0.039700
224115875    214.681204    52.423985    -22.667900    0.049623     0.356000     0.000550
224115972    214.605110    52.467478    -22.113000    0.030801     0.274000     0.003000
224116089    214.538743    52.503959    -22.242500    0.212122     0.596000     0.002850
224116216    214.354965    52.610136    -23.119100    0.372791     0.596000     0.030500
224116285    214.174344    52.715450    -23.037600    0.035976     0.400000     0.001450
224116298    214.656239    52.427252    -22.558600    0.270929     0.536000     0.085900
224116304    214.622438    52.443976    -22.626800    0.046664     0.378000     0.005000
224116543    214.385240    52.578083    -22.508600    0.164278     0.466000     0.002750
224116557    214.396815    52.576501    -23.221700    0.126662     0.482000     0.004850
224116624    214.136814    52.729308    -23.071200    0.185367     0.580000     0.012300
224116631    214.570183    52.466235    -22.018200    0.083968     0.386000     0.003500
224116682    214.595172    52.452447    -23.799800    0.020195     0.276000     0.000450
224116810    214.137548    52.720428    -23.008800    0.301053     0.562000     0.091900
224116916    214.390835    52.563719    -22.280900    0.273201     0.556000     0.005400
224116923    214.398405    52.559004    -22.288400    0.271148     0.576000     0.044600
224117126    214.213559    52.577479    -22.528000    0.220325     0.536000     0.004600
224117284    214.382012    52.555688    -22.249800    0.233928     0.562000     0.014300
224117317    214.629791    52.404850    -22.346200    0.050483     0.372000     0.001850
224117327    214.382987    52.553073    -22.069400    0.269676     0.536000     0.015100
224117443    214.493324    52.482731    -22.053500    0.035178     0.370000     0.005350
224117475    214.290685    52.602620    -22.520500    0.024853     0.258000     0.001400
224117520    214.377188    52.550006    -22.022300    0.235424     0.506000     0.056900
224117524    214.569904    52.432440    -22.084300    0.112352     0.440000     0.008950
224117649    214.345539    52.566929    -22.378200    0.102495     0.550000     0.010650
224117725    214.084153    52.719026    -22.693000    0.050688     0.314000     0.001850
224117933    214.177519    52.658081    -22.192700    0.108787     0.458000     0.011800
224117978    214.339488    52.556607    -22.789100    0.653977     0.592000     0.080150
224117979    214.546433    52.429666    -22.660900    0.123396     0.442000     0.003300
224117991    214.330829    52.560160    -22.599200    0.051312     0.334000     0.006050
224117997    214.081822    52.710500    -22.031800    0.066759     0.388000     0.006500
224117999    214.272988    52.596712    -22.122900    0.014488     0.246000     0.002850
224118032    214.590369    52.403852    -22.341600    0.026380     0.282000     0.002100
224118142    214.122256    52.681124    -22.017000    0.104707     0.402000     0.035900
224118149    214.351347    52.537354    -22.975600    0.066017     0.480000     0.012050
224118153    214.084684    52.702162    -22.146500    0.036614     0.262000     0.002450
224118238    214.292243    52.575393    -22.023500    0.302026     0.562000     0.063600
224118250    214.438940    52.485762    -23.075500    0.123453     0.598000     0.016200
224118342    214.187595    52.635098    -22.201900    0.254121     0.596000     0.055300
224118459    214.244376    52.596993    -22.087800    0.135732     0.470000     0.013450
224118546    214.472627    52.456030    -22.437200    0.053594     0.354000     0.003500
224118555    214.276938    52.573613    -22.590700    0.240106     0.538000     0.020900
224118668    214.490594    52.632232    -22.320900    0.034403     0.274000     0.001400
224118724    214.076398    52.689724    -22.456400    0.206775     0.538000     0.012700
224118796    214.408642    52.679547    -22.050200    0.127026     0.420000     0.006550
224118818    214.368874    52.510765    -22.222300    0.293376     0.550000     0.062350
224118869    214.516857    52.420384    -22.271900    0.327078     0.544000     0.041050
224118871    214.430900    52.665701    -22.210800    0.243582     0.494000     0.017750
224119163    214.483289    52.432903    -22.641800    0.251571     0.588000     0.075250
224119258    214.030231    52.698810    -22.365500    0.030533     0.244000     0.000850
224119317    214.384542    52.487945    -22.053700    0.328646     0.450000     0.047150
224119385    214.089775    52.663612    -22.410700    0.057262     0.442000     0.007750
224119488    214.577291    52.367016    -22.397800    0.264322     0.542000     0.057100
224119704    214.384670    52.475672    -22.210600    0.235374     0.564000     0.015100
224119973    214.592681    52.667218    -22.204500    0.053540     0.432000     0.006050
224120090    214.798440    52.539356    -22.902300    0.042914     0.432000     0.003950
224120094    214.652396    52.656112    -22.098300    0.117748     0.534000     0.010200
224120142    214.696395    52.626928    -22.123400    0.159526     0.438000     0.008550
224120149    214.639035    52.662120    -22.005700    0.319453     0.580000     0.020600
224120152    214.307755    52.838191    -22.094300    0.300764     0.584000     0.075550
224120402    214.622564    52.662543    -23.776600    0.086240     0.570000     0.006000
224120472    214.369749    52.813899    -22.404600    0.098983     0.470000     0.016850
224120546    214.669439    52.629244    -22.350700    0.026114     0.286000     0.001800
224120553    214.489173    52.727642    -22.847600    0.268313     0.582000     0.016150
224120647    214.758683    52.570492    -22.103300    0.153081     0.478000     0.010100
224120651    214.073155    52.654477    -22.549500    0.018163     0.240000     0.000800
224300819    214.477503    52.720840    -22.644000    0.176977     0.598000     0.034500
224301631    214.437882    52.782239    -22.226500    0.098873     0.458000     0.025450
224302052    214.721926    52.628581    -22.902200    0.065819     0.442000     0.010250
224302059    214.646151    52.676020    -23.439200    0.113934     0.572000     0.009150
224302426    214.798420    52.600461    -22.132200    0.270953     0.538000     0.011350
224302456    214.762569    52.623128    -22.183500    0.187395     0.554000     0.035450
224302516    214.743787    52.636847    -22.015700    0.305035     0.548000     0.032300
224302551    214.357633    52.864073    -23.516000    0.127847     0.510000     0.041350
224302597    214.785666    52.614523    -22.699500    0.150672     0.570000     0.015500
224302741    214.575927    52.746331    -22.306100    0.122476     0.522000     0.014100
224302808    214.782054    52.625470    -22.300000    0.153912     0.558000     0.014150
224302829    214.368888    52.871228    -22.315400    0.044144     0.350000     0.005950
224303199    214.694088    52.692168    -22.029200    0.100647     0.420000     0.005950
224303205    214.543449    52.780779    -22.534800    0.035054     0.354000     0.003450
224303218    214.540036    52.784685    -22.408400    0.105710     0.356000     0.005950
224303362    214.820490    52.622101    -22.130400    0.096794     0.356000     0.010550
224303366    214.816013    52.626537    -22.066700    0.078542     0.460000     0.004400
224303427    214.848110    52.610508    -22.040700    0.105470     0.434000     0.007800
224303506    214.676062    52.718802    -22.497700    0.293453     0.582000     0.011950
224303532    214.813606    52.634805    -22.693600    0.058481     0.420000     0.005350
224303792    214.446676    52.866715    -22.097600    0.060020     0.412000     0.009450
224303829    214.689668    52.723330    -22.347000    0.164121     0.504000     0.020400
224303849    214.931015    52.568370    -23.289000    0.017254     0.262000     0.001300
224303874    214.783850    52.664742    -22.364700    0.029148     0.268000     0.003150
224303915    214.930231    52.582147    -22.159600    0.305560     0.500000     0.091900
224303949    214.640541    52.757918    -22.237200    0.130711     0.542000     0.011650
224303982    214.739564    52.697043    -22.762700    0.179300     0.440000     0.003350
224303989    214.917308    52.591739    -22.304700    0.090338     0.454000     0.015000
224304082    214.886688    52.615130    -22.419100    0.157088     0.450000     0.010250
224304105    214.533231    52.823319    -23.236100    0.030287     0.356000     0.003300
224304145    214.524249    52.835202    -22.373300    0.379450     0.550000     0.021200
224304250    214.822562    52.661068    -22.615900    0.066677     0.498000     0.012750
224304465    214.691164    52.748823    -22.143100    0.243051     0.578000     0.015300
224304509    214.750475    52.713580    -22.573800    0.115895     0.448000     0.012400
224304869    214.561913    52.846523    -22.276600    0.101489     0.530000     0.050550
224305108    214.802031    52.710602    -22.472400    0.102534     0.466000     0.011300
224305286    214.943734    52.639034    -22.004600    0.063921     0.502000     0.008500
224305297    214.684665    52.795348    -22.811300    0.141135     0.576000     0.031450
224305299    214.698283    52.786630    -22.766900    0.122350     0.562000     0.010650
224305399    214.540632    52.881813    -22.168600    0.033127     0.286000     0.003100
224305480    214.660291    52.819699    -22.300500    0.062162     0.562000     0.014200
224305643    215.008126    52.619264    -22.466200    0.076777     0.500000     0.007350
224305644    214.892339    52.683859    -22.601900    0.113444     0.370000     0.008750
224305690    215.010082    52.620399    -22.118800    0.069549     0.496000     0.019200
224305746    214.874701    52.705069    -22.616100    0.152308     0.556000     0.014000
224305895    214.704248    52.810594    -22.488600    0.032393     0.358000     0.004700
224306132    214.699945    53.019520    -22.704100    0.043900     0.370000     0.003450
224306155    214.667098    53.037664    -22.522000    0.050304     0.354000     0.004300
224306221    214.970644    52.853018    -23.068500    0.057332     0.526000     0.004900
224306252    214.717010    53.009045    -22.337000    0.422766     0.566000     0.010700
224306275    215.076086    52.786616    -22.901600    0.057016     0.460000     0.004850
224306462    214.748079    52.973241    -22.401900    0.198182     0.446000     0.009800
224306469    214.966500    52.841948    -22.214800    0.088489     0.434000     0.015900
224306498    214.915981    52.870979    -22.006900    0.055144     0.482000     0.006550
224306826    215.113607    52.734919    -22.318700    0.058260     0.454000     0.038700
224306849    214.906872    52.863669    -22.149600    0.123350     0.540000     0.018900
224306859    214.762693    52.943766    -22.081300    0.355734     0.542000     0.028150
224307089    214.905608    52.847434    -23.170600    0.263565     0.550000     0.022050
224307106    215.145931    52.700335    -22.234300    0.190249     0.464000     0.008900
224307141    215.099833    52.726594    -22.003900    0.024571     0.242000     0.000250
224307167    214.637305    53.002561    -22.860200    0.057309     0.450000     0.005250
224307191    214.660606    52.987371    -22.191100    0.114096     0.456000     0.011000
224307234    214.806973    52.897340    -22.406200    0.238327     0.548000     0.036700
224307265    214.804400    52.896205    -22.932300    0.064809     0.540000     0.003550
224307270    214.696012    52.960974    -23.175800    0.042894     0.452000     0.004500
224307286    214.984861    52.787177    -22.160100    0.214090     0.548000     0.009750
224307387    214.732823    52.933615    -22.160300    0.168127     0.444000     0.001750
224307391    214.994534    52.775295    -22.734700    0.308387     0.534000     0.010200
224307430    214.969961    52.788129    -22.235900    0.214412     0.534000     0.017650
224307454    214.802743    52.891050    -22.791100    0.052252     0.376000     0.006250
224307461    214.712978    52.940469    -22.231200    0.154762     0.362000     0.005550
224307485    215.123799    52.692656    -22.165100    0.124555     0.536000     0.014350
224307501    214.894555    52.829780    -22.736300    0.071391     0.446000     0.012600
224307595    214.941022    52.797063    -22.787600    0.069086     0.474000     0.013550
224307701    214.614464    52.987304    -22.266000    0.294774     0.546000     0.102400
224307727    215.120451    52.680584    -23.190400    0.052326     0.450000     0.004300
224307782    215.115020    52.681508    -22.859900    0.170008     0.556000     0.010500
224307813    214.974000    52.765412    -22.175400    0.246774     0.506000     0.014200
224307951    214.547670    53.013995    -22.604300    0.150308     0.556000     0.007150
224308081    214.659802    52.941143    -22.337900    0.084124     0.592000     0.010850
224308362    214.558245    52.987893    -23.106400    0.026291     0.354000     0.001250
224308373    215.042225    52.697022    -23.165200    0.104530     0.552000     0.015100
224308532    215.008618    52.710037    -22.127600    0.246939     0.546000     0.014300
224308547    214.999616    52.715089    -22.900800    0.063423     0.546000     0.011450
224308633    215.065097    52.673243    -22.609200    0.045779     0.550000     0.006100
224308643    215.008045    52.705360    -22.619700    0.056485     0.558000     0.009950
224308653    215.003244    52.707390    -23.281100    0.077554     0.550000     0.010250
224308814    214.999985    52.701431    -22.254900    0.062632     0.556000     0.011550
224308815    214.811456    52.815057    -22.054800    0.302189     0.510000     0.035500
224308824    214.782632    52.831057    -23.248500    0.024711     0.396000     0.007250
224308908    214.993331    52.700430    -22.669100    0.081717     0.548000     0.005950
224308915    215.022389    52.680796    -22.402700    0.019461     0.238000     0.005700
224309011    215.004417    52.688550    -22.448200    0.375017     0.558000     0.077250
224309063    215.050796    52.656816    -22.137200    0.098533     0.420000     0.016200
224309112    214.554139    52.951659    -22.349200    0.059987     0.398000     0.006700
224309166    214.964489    52.701296    -22.178600    0.183017     0.556000     0.073250
224309183    214.676391    52.873479    -22.140500    0.067628     0.362000     0.004850
224309198    214.750753    52.833072    -22.473200    0.143883     0.586000     0.045850
224309300    214.586542    52.921323    -22.028400    0.048399     0.336000     0.004200
224309490    214.731835    52.824353    -22.416700    0.028857     0.276000     0.001350
224309597    214.663399    52.861208    -22.888100    0.048613     0.350000     0.002250
224309609    214.979556    52.669960    -23.207400    0.086441     0.504000     0.005050
224309628    214.841734    52.752756    -22.604700    0.052256     0.500000     0.004000
224309736    214.641704    52.867553    -22.374500    0.133475     0.584000     0.010100
224309921    214.799920    52.763062    -22.027700    0.284097     0.386000     0.049750
224310185    215.134560    53.029101    -22.046200    0.187476     0.596000     0.015650
224310456    214.993963    53.101601    -22.027300    0.185353     0.502000     0.012050
224310491    215.239036    52.953398    -22.422900    0.235623     0.558000     0.017800
224310550    215.236209    52.953791    -23.175600    0.074018     0.576000     0.010200
224310627    215.196946    52.971673    -23.858200    0.275977     0.572000     0.106450
224310710    214.983465    53.096628    -22.410100    0.041329     0.354000     0.004600
224310732    215.260422    52.928721    -22.504900    0.108797     0.562000     0.015100
224310880    215.178695    52.970579    -22.764000    0.151225     0.576000     0.012350
224310981    215.319851    52.879209    -22.088700    0.061610     0.370000     0.001800
224311040    215.285507    52.897301    -22.476200    0.030618     0.356000     0.003850
224311057    214.817459    53.178342    -22.534800    0.062313     0.390000     0.008000
224311120    215.300921    52.885315    -22.333900    0.110300     0.544000     0.017650
224311422    215.132505    52.972782    -22.992100    0.026798     0.376000     0.004900
224311479    215.139128    52.966890    -23.625400    0.070053     0.576000     0.011250
224311625    215.098292    52.982972    -22.273300    0.013538     0.200000     0.001900
224311781    215.326511    52.839564    -23.185000    0.037520     0.458000     0.006850
224311789    214.956327    53.064110    -22.282200    0.330944     0.532000     0.077850
224311854    215.112032    52.964707    -22.288900    0.136908     0.580000     0.015900
224312192    215.309988    52.834719    -22.600000    0.057545     0.576000     0.011800
224312320    215.109161    52.951311    -22.740000    0.120610     0.576000     0.007800
224312333    214.817041    53.126423    -22.642900    0.145116     0.508000     0.003750
224312376    214.770327    53.152550    -23.394900    0.249929     0.574000     0.039350
224312455    214.848047    53.103280    -22.580900    0.084353     0.564000     0.009550
224312508    215.098257    52.951111    -22.707700    0.206872     0.466000     0.012900
224312519    214.772909    53.148053    -22.128200    0.242698     0.410000     0.455050
224312706    214.918687    53.035387    -23.111600    0.120130     0.580000     0.016000
224312776    215.118794    52.928340    -22.919300    0.097395     0.460000     0.006700
224312780    214.973500    53.015974    -22.333800    0.293294     0.588000     0.061900
224312815    214.918686    53.052304    -22.389700    0.361892     0.414000     0.146800
224312850    214.798396    53.117832    -22.443100    0.217964     0.572000     0.022300
224312935    214.884166    53.062945    -22.431100    0.074933     0.502000     0.072200
224312956    215.073500    52.947613    -22.103900    0.124201     0.372000     0.003400
224312988    214.768377    53.129845    -22.447200    0.507597     0.588000     0.031550
224313261    215.098249    52.917216    -22.785800    0.024423     0.284000     0.002300
224313264    214.916073    53.028258    -22.000800    0.222217     0.462000     0.068100
224313267    214.808728    53.091708    -22.874200    0.080703     0.460000     0.005400
224313418    215.127783    52.892649    -22.017900    0.183134     0.466000     0.012850
224313502    214.924351    53.013632    -22.161500    0.027166     0.298000     0.000300
224313541    214.985005    52.972386    -23.043600    0.066683     0.552000     0.023100
224313557    214.915976    53.012368    -23.127000    0.064529     0.418000     0.002350
224313599    215.168594    52.857805    -22.029700    0.268997     0.500000     0.022800
224313666    214.932347    52.998409    -22.367600    0.024573     0.276000     0.002000
224313737    215.005341    52.953705    -22.287100    0.037333     0.358000     0.001650
224313793    214.905242    53.005618    -22.598900    0.022701     0.364000     0.002800
224313820    214.753020    53.098994    -22.576100    0.038672     0.352000     0.004850
224313896    214.782945    53.075022    -22.279800    0.044407     0.358000     0.006900
224313906    214.834818    53.042406    -22.435700    0.026446     0.270000     0.003750
224313934    214.773818    53.075589    -22.300700    0.019152     0.202000     0.000500
224314064    215.181693    52.830519    -22.271900    0.065621     0.356000     0.011400
224314257    215.226716    52.792142    -22.989700    0.050958     0.458000     0.009900
224314422    215.112858    52.856659    -23.044500    0.075054     0.468000     0.004650
224314551    214.779446    53.050635    -22.225000    0.179450     0.592000     0.059700
224314566    214.938826    52.954303    -22.092100    0.212050     0.572000     0.014100
224314597    214.780171    53.043144    -22.280000    0.108700     0.418000     0.011600
224314650    215.106161    52.850351    -22.947100    0.087349     0.462000     0.011800
224314712    215.104540    52.848130    -22.247400    0.109583     0.364000     0.009800
224314764    214.734896    53.065275    -22.587900    0.036537     0.372000     0.003650
224314790    214.967466    52.926286    -23.257500    0.126121     0.470000     0.008150
224314791    214.696615    53.088641    -22.014500    0.047759     0.356000     0.005600
224314826    214.786519    52.978560    -22.186200    0.048084     0.354000     0.007200
224314856    215.047074    52.874852    -22.486700    0.075580     0.440000     0.006650
224314867    214.780454    53.034077    -22.422800    0.140978     0.564000     0.009950
224314891    214.836636    52.999861    -22.058700    0.146697     0.494000     0.031350
224314896    214.712347    53.073212    -22.410700    0.063486     0.374000     0.012050
224314938    214.862098    52.982569    -22.086000    0.107428     0.536000     0.014250
224314955    214.704915    53.073763    -22.644600    0.041697     0.360000     0.004500
224315006    214.697981    53.075458    -22.495900    0.079913     0.464000     0.008400
224315025    215.116152    52.826618    -22.775500    0.051946     0.370000     0.003450
224315186    215.188221    52.770653    -22.030600    0.041130     0.374000     0.009200
224315236    214.784916    53.014073    -22.199400    0.179261     0.390000     0.005500
224315242    214.719886    53.052269    -22.263700    0.142201     0.540000     0.025400
224315291    214.831303    52.982846    -22.239400    0.091103     0.450000     0.011800
224315345    215.165821    52.779089    -22.914000    0.050111     0.550000     0.003850
224315392    214.692736    53.061099    -22.276500    0.034924     0.294000     0.003650
224315412    215.151837    52.785185    -23.277200    0.140110     0.542000     0.003650
224315417    214.782981    53.007135    -22.054000    0.102228     0.518000     0.031850
224315435    215.137882    52.791916    -22.343000    0.098258     0.526000     0.016950
224315548    214.804410    52.987620    -22.752900    0.056559     0.442000     0.008750
224315638    214.650095    53.076833    -22.792700    0.068324     0.358000     0.002050
224315676    214.796900    52.984956    -22.706000    0.110381     0.510000     0.010050
224315702    214.745329    53.013960    -22.536100    0.054273     0.460000     0.008250
224315721    215.158578    52.753219    -22.034400    0.014776     0.244000     0.002250
224315803    214.859725    52.941103    -22.013500    0.263887     0.512000     0.016100
224315887    214.694990    53.035467    -22.524200    0.100096     0.506000     0.007250
240600287    214.958158    53.071452    -22.231400    0.174374     0.580000     0.087050
240600327    215.303987    52.868039    -22.715900    0.384511     0.362000     0.425150
240600359    215.313016    52.860500    -23.586700    0.038457     0.380000     0.002550
240600637    215.226631    52.926420    -22.276600    0.063653     0.406000     0.002850
240600648    215.298127    52.883982    -22.112900    0.089421     0.378000     0.000350
240600736    214.903081    53.123244    -22.318100    0.089678     0.504000     0.040600
240601041    215.076514    53.032603    -22.737400    0.042870     0.360000     0.007450
240601292    215.369535    52.873132    -22.274100    0.057820     0.460000     0.017350
240601382    215.253422    52.942803    -22.082700    0.039920     0.284000     0.001350
240601563    215.033922    53.077357    -22.283500    0.032596     0.250000     0.004350
240601572    215.180427    52.995985    -23.206400    0.027481     0.350000     0.004050
240601618    215.029285    53.085251    -22.975400    0.017929     0.246000     0.001950
240601754    215.339193    52.903695    -22.864700    0.039052     0.382000     0.001750
240601765    215.416294    52.860210    -22.274100    0.043422     0.284000     0.001400
240601954    214.957775    53.134842    -22.639100    0.016008     0.236000     0.001550
240601974    215.142319    53.038974    -22.179700    0.254174     0.578000     0.008150
240601977    215.060939    53.087434    -22.038600    0.149010     0.560000     0.020250
240602091    215.205533    53.005767    -22.507700    0.059647     0.440000     0.010850
240602096    215.425651    52.873920    -22.236200    0.090643     0.460000     0.026000
240602180    215.010697    53.124825    -22.419500    0.024722     0.352000     0.004300
240602226    215.186759    53.022863    -22.673000    0.063706     0.464000     0.010650
240602263    214.882270    53.205334    -22.919100    0.417219     0.562000     0.174200
240602302    214.893071    53.198126    -22.316100    0.066010     0.388000     0.007250
240602457    215.173425    53.041499    -22.541400    0.049667     0.410000     0.005300
240602468    214.897252    53.206042    -23.017000    0.356663     0.540000     0.046050
240602488    215.182180    53.037817    -22.291700    0.212871     0.480000     0.017250
240602518    215.179325    53.040707    -22.370200    0.092927     0.438000     0.005700
240602618    215.387890    52.921126    -22.606900    0.523494     0.514000     0.331300
240602620    215.363550    52.933153    -22.242000    0.053760     0.342000     0.011150
240602679    214.997678    53.153029    -22.747300    0.028500     0.356000     0.003150
240602835    214.989712    53.161062    -22.828000    0.015140     0.260000     0.001350
240602853    214.968229    53.177780    -22.320700    0.023245     0.276000     0.002100
240602898    214.994598    53.167531    -22.352000    0.055804     0.466000     0.009100
240602907    215.393904    52.931125    -22.766400    0.166026     0.584000     0.009850
240602936    215.111913    53.100451    -22.517900    0.657348     0.480000     0.157450
240603051    215.386447    52.941717    -22.104700    0.130635     0.580000     0.015600
240603315    215.355531    52.969031    -22.129500    0.056402     0.378000     0.005200
240603345    215.363876    52.966791    -22.264100    0.127688     0.434000     0.005600
240603478    215.192005    53.076896    -22.750300    0.045581     0.562000     0.016650
240603498    215.059997    53.151594    -22.244000    0.020435     0.278000     0.005400
240603601    215.384239    52.958497    -22.527900    0.010431     0.202000     0.000750
240603703    215.231143    53.061120    -22.339900    0.103053     0.378000     0.000850
240603815    215.379569    52.982292    -22.266000    0.518156     0.564000     0.095200
240603825    215.146487    53.116438    -22.349200    0.118171     0.512000     0.016200
240603856    215.500192    52.911946    -22.374600    0.140474     0.526000     0.059500
240603874    215.338155    53.007550    -22.691600    0.043037     0.396000     0.008800
240603878    214.965836    53.225924    -22.455200    0.023624     0.276000     0.001300
240603886    215.151259    53.121504    -22.022300    0.633864     0.474000     0.015250
240604011    215.218497    53.079056    -22.947400    0.085030     0.378000     0.001200
240604036    215.290938    53.045868    -22.125500    0.155703     0.578000     0.024950
240604113    214.969661    53.238093    -22.111500    0.058866     0.416000     0.022550
240604122    215.035744    53.200542    -22.540200    0.244295     0.548000     0.120350
240604177    215.228824    53.086746    -22.325700    0.113490     0.458000     0.012200
240604276    215.316686    53.039570    -22.606900    0.035574     0.384000     0.003950
240604373    215.202514    53.106587    -22.971700    0.046178     0.360000     0.005200
240604421    215.006375    53.228399    -22.672600    0.062895     0.460000     0.012150
240604590    215.250325    53.093224    -23.585700    0.032369     0.434000     0.002750
240604891    215.263924    53.102271    -22.227700    0.413916     0.570000     0.165700
240604946    215.325811    53.068142    -22.242500    0.125794     0.564000     0.008900
240604984    215.363368    53.047976    -22.539000    0.351568     0.532000     0.086600
240605089    215.293206    53.094375    -22.909400    0.058189     0.574000     0.018250
240605095    215.001850    53.265214    -22.340800    0.113320     0.440000     0.021100
240605190    215.232919    53.135779    -22.499800    0.150458     0.580000     0.015950
240605367    215.084094    53.233164    -22.146400    0.344146     0.498000     0.083400
240605452    215.556596    52.955011    -22.093100    0.119571     0.564000     0.002700
240605480    215.067944    53.247843    -22.483900    0.334528     0.258000     0.032700
240605485    215.135523    53.207725    -22.050000    0.084442     0.458000     0.002850
240605516    215.170599    53.183562    -23.066500    0.035459     0.346000     0.003950
240605578    215.330831    53.097167    -22.107200    0.463674     0.586000     0.006650
240605698    215.243274    53.154500    -22.378300    0.106389     0.546000     0.019600
240605775    215.482500    53.016283    -22.411200    0.065587     0.462000     0.007750
240605857    215.435249    53.049071    -22.053400    0.076008     0.504000     0.013300
240605887    215.171592    53.207196    -22.130400    0.221289     0.584000     0.039550
240605961    215.245217    53.167195    -22.669300    0.208687     0.554000     0.010050
240606185    215.090641    53.270669    -22.240500    0.133700     0.486000     0.108600
240606193    215.319446    53.135158    -22.245400    0.145515     0.472000     0.053500
240606277    215.202528    53.210402    -22.011500    0.181883     0.496000     0.019450
240606425    215.189003    53.218163    -23.072900    0.055027     0.368000     0.002350
240606569    215.169395    53.242358    -22.873200    0.092291     0.478000     0.004800
240606589    215.322557    53.152453    -22.420700    0.081263     0.516000     0.009250
240606616    215.266920    53.187155    -22.117800    0.640769     0.590000     0.034950
240606732    215.254378    53.341503    -22.041400    0.217223     0.544000     0.018950
240606737    215.518685    53.184235    -22.027200    0.087733     0.564000     0.009650
240606788    215.502507    53.190457    -23.621700    0.046788     0.572000     0.002350
240606904    215.560141    53.150474    -22.108700    0.404676     0.586000     0.013250
240606936    215.393728    53.248464    -22.259900    0.337297     0.380000     0.465500
240606969    215.714355    53.054917    -22.340300    0.227191     0.572000     0.074500
240607062    215.550489    53.148645    -22.702700    0.049173     0.436000     0.005650
240607169    215.169839    53.369204    -22.096500    0.454206     0.556000     0.007900
240607186    215.352260    53.259394    -22.972000    0.042699     0.448000     0.003350
240607370    215.658494    53.066049    -22.716600    0.050602     0.446000     0.006450
240607667    215.409323    53.198839    -22.947100    0.331478     0.528000     0.015600
240607672    215.267436    53.283036    -22.267300    0.082017     0.500000     0.013300
240607678    215.298371    53.264781    -22.034000    0.366385     0.562000     0.125800
240608071    215.435841    53.172787    -22.319000    0.161676     0.444000     0.005850
240608107    215.648773    53.035513    -22.015000    0.066727     0.532000     0.013200
240608242    215.625890    53.043723    -22.115200    0.241323     0.522000     0.014950
240608590    215.463545    53.127711    -22.071300    0.083987     0.382000     0.004350
240608718    215.616688    53.029869    -22.485200    0.072874     0.436000     0.006050
240608721    215.648444    53.010088    -23.330500    0.051135     0.426000     0.005200
240608795    215.123372    53.320635    -22.440200    0.215211     0.562000     0.131850
240608882    215.598739    53.033781    -22.246400    0.070112     0.474000     0.008750
240609065    215.329574    53.185895    -23.295100    0.061263     0.558000     0.009750
240609126    215.539251    53.057829    -22.689100    0.067945     0.422000     0.004700
240609189    215.623978    53.003783    -22.865800    0.092376     0.598000     0.010100
240609212    215.462091    53.099455    -22.690900    0.031669     0.382000     0.002200
240609312    215.461500    53.094667    -22.142700    0.042171     0.390000     0.011350
240609383    215.429495    53.112120    -22.198800    0.479046     0.572000     0.163750
240609439    215.480201    53.076115    -22.455400    0.023593     0.294000     0.003550
240609569    215.262166    53.198862    -22.239900    0.201979     0.502000     0.013900
240609656    215.449928    53.082676    -22.485700    0.179602     0.418000     0.004350
240609671    215.437004    53.089612    -23.152300    0.100586     0.576000     0.007650
240609682    215.499423    53.052228    -22.778100    0.333144     0.576000     0.072750
240609722    215.091786    53.292866    -22.897900    0.063958     0.580000     0.006000
240609823    215.331895    53.313800    -22.023000    0.128575     0.474000     0.007850
240609924    215.867882    53.265829    -22.401000    0.063157     0.470000     0.011100
240609949    215.614573    53.138831    -23.146400    0.039928     0.468000     0.002750
240610021    215.838320    53.280350    -22.252700    0.101382     0.592000     0.036400
240610222    215.262467    53.346417    -22.071600    0.066072     0.388000     0.004300
240610230    215.660024    53.380837    -22.595600    0.061684     0.518000     0.004050
240610560    215.754338    53.311036    -23.045400    0.244084     0.590000     0.020950
240610623    215.905193    53.214439    -24.996600    0.006198     0.244000     0.000050
240610683    215.588333    53.408986    -22.128800    0.073001     0.442000     0.010650
240610699    215.627555    53.379040    -22.801300    0.042428     0.350000     0.002750
240610769    215.344433    53.293433    -22.421000    0.312311     0.592000     0.049700
240610777    215.676652    53.348171    -22.056500    0.013688     0.202000     0.001500
240611105    215.857073    53.225944    -22.460000    0.093428     0.482000     0.079300
240611110    215.299600    53.328653    -22.766300    0.113176     0.558000     0.008850
240611582    215.676778    53.313663    -22.256600    0.024871     0.286000     0.002050
240611634    215.857985    53.203451    -22.289900    0.628467     0.554000     0.077800
240611890    215.663489    53.313945    -22.232300    0.051594     0.350000     0.011000
240612005    215.673261    53.302113    -22.789200    0.083330     0.514000     0.005450
240612217    215.906587    53.148717    -22.036300    0.195864     0.592000     0.197150
240612267    215.754716    53.239158    -22.211100    0.443658     0.598000     0.003650
240612353    215.443357    53.419468    -22.068200    0.066962     0.384000     0.017850
240612516    215.862203    53.161430    -23.157500    0.054363     0.566000     0.008650
240612528    215.817806    53.188050    -22.035400    0.090233     0.358000     0.030050
240612542    215.649849    53.267999    -22.052600    0.068365     0.446000     0.013150
240612582    215.831733    53.178383    -22.284000    0.098172     0.572000     0.010000
240612594    215.812180    53.187914    -22.764900    0.017811     0.256000     0.003600
240612603    215.325773    53.478947    -22.663400    0.194247     0.514000     0.012650
240612716    215.353015    53.457756    -22.587500    0.064014     0.468000     0.004400
240612761    215.889596    53.134335    -22.576700    0.040953     0.376000     0.003550
240612852    215.874917    53.144071    -22.527500    0.044650     0.342000     0.013300
240612909    215.777515    53.201359    -23.603300    0.020916     0.418000     0.003900
240612942    215.877506    53.135202    -22.150200    0.118615     0.556000     0.016300
240613034    215.762192    53.197948    -22.483900    0.046144     0.344000     0.005200
240613054    215.415565    53.407101    -22.502200    0.569822     0.224000     0.010850
240613180    215.835444    53.149615    -22.389800    0.176431     0.580000     0.034050
240613215    215.840692    53.144494    -23.519100    0.041703     0.570000     0.009800
240613311    215.594353    53.289613    -22.208900    0.270410     0.594000     0.098400
240613386    215.459984    53.376121    -22.335700    0.125399     0.430000     0.004800
240613409    215.652096    53.251301    -22.494200    0.016150     0.234000     0.001600
240613412    215.735454    53.198936    -22.077900    0.080287     0.582000     0.016400
240613473    215.760857    53.180874    -22.952100    0.611425     0.594000     0.431300
240613536    215.402883    53.391578    -22.197400    0.328847     0.586000     0.051200
240613660    215.679169    53.220608    -22.466600    0.086692     0.590000     0.042100
240613740    215.575645    53.277585    -22.438000    0.044010     0.360000     0.002550
240613791    215.734498    53.184936    -22.651800    0.117955     0.576000     0.011550
240613823    215.846133    53.114257    -22.669900    0.432702     0.584000     0.008700
240613963    215.459111    53.340491    -22.348700    0.193202     0.584000     0.011900
240613977    215.756395    53.161269    -22.105700    0.054326     0.324000     0.019950
240613990    215.475357    53.330750    -22.221700    0.012197     0.202000     0.000400
240613998    215.281983    53.444053    -22.790000    0.155218     0.476000     0.033000
240614032    215.715711    53.184581    -22.060900    0.201032     0.584000     0.040850
240614056    215.534441    53.290484    -22.229000    0.054802     0.394000     0.006900
240614209    215.728631    53.170430    -22.785200    0.087954     0.574000     0.008500
240614273    215.397072    53.364825    -22.402700    0.055606     0.422000     0.004450
240614278    215.408334    53.361092    -22.022200    0.182570     0.574000     0.014550
240614307    215.768210    53.142967    -22.120600    0.331463     0.576000     0.012650
240614353    215.512376    53.292468    -22.481300    0.351961     0.596000     0.032300
240614386    215.471574    53.315887    -22.341500    0.031514     0.384000     0.004600
240614451    215.546231    53.268013    -22.253200    0.106538     0.438000     0.012250
240614493    215.466752    53.314058    -22.035700    0.368539     0.510000     0.166400
240614520    215.570630    53.247981    -22.062700    0.177342     0.558000     0.004400
240614541    215.729498    53.154538    -22.460300    0.131654     0.562000     0.012800
240614608    215.585080    53.241931    -22.469200    0.031250     0.358000     0.000700
240614616    215.727812    53.127819    -23.220000    0.142942     0.514000     0.044600
240614648    215.571598    53.240770    -23.046200    0.025462     0.304000     0.000950
240614680    215.458973    53.310664    -22.445900    0.084790     0.584000     0.053000
240614801    215.259745    53.424375    -22.007000    0.096325     0.376000     0.001350
240614879    215.765870    53.122646    -22.301700    0.126925     0.558000     0.013350
240614906    215.485530    53.284948    -22.700400    0.017391     0.234000     0.004950
240614943    215.300530    53.394325    -22.789000    0.368912     0.334000     0.059550
240615003    215.809206    53.087118    -23.190900    0.047133     0.468000     0.004800
240615080    215.648844    53.180097    -22.085600    0.182164     0.454000     0.020600
240615240    215.746637    53.112952    -22.586400    0.067251     0.448000     0.013200
240615366    215.711599    53.131683    -22.584200    0.064934     0.572000     0.019300
240615398    215.291826    53.379397    -22.293400    0.059171     0.430000     0.008050
240615432    215.320889    53.359876    -22.336800    0.035359     0.380000     0.003650
240615603    215.650467    53.156423    -25.191500    0.031368     0.512000     0.000500
240615661    215.652004    53.158150    -22.292700    0.100004     0.514000     0.009000
240615682    215.613282    53.175907    -23.125500    0.064533     0.562000     0.005300
240615716    215.752087    53.095559    -22.042400    0.175285     0.572000     0.042850
240615859    215.715301    53.106966    -22.452000    0.066899     0.442000     0.008750
240615961    215.483422    53.240437    -22.094000    0.078608     0.392000     0.004950
240615979    215.213963    53.399807    -22.405900    0.255486     0.532000     0.039850
240616256    215.494856    53.221619    -22.079300    0.549053     0.584000     0.046200
240616275    215.256891    53.361493    -23.322000    0.083816     0.574000     0.011800
240616334    215.552627    53.183181    -22.080900    0.249310     0.460000     0.098250
240616365    215.302462    53.330119    -23.204500    0.083556     0.550000     0.013650
240616378    215.387871    53.280764    -22.649400    0.050042     0.358000     0.000900
247000156    213.377085    52.026681    -22.342200    0.453173     0.272000     0.229850
247000347    213.538653    51.939148    -22.095900    0.351111     0.596000     0.007550
247000549    213.526227    51.951107    -22.631200    0.029058     0.294000     0.003000
247000587    213.544109    51.944027    -22.467600    0.020168     0.296000     0.001900
247000609    213.534143    51.954866    -23.109000    0.207700     0.564000     0.024450
247000626    213.738235    51.827967    -22.556900    0.085087     0.426000     0.007800
247000684    213.275603    52.115239    -23.302900    0.468914     0.594000     0.258500
247000707    213.442770    52.015369    -22.009800    0.249403     0.500000     0.004850
247000751    213.251983    52.132144    -22.179200    0.280103     0.530000     0.083200
247000765    213.188000    52.167525    -22.330000    0.062871     0.318000     0.001250
247000813    213.432319    52.026725    -22.416300    0.210660     0.550000     0.008250
247000862    213.435221    52.026447    -22.444200    0.210156     0.528000     0.011350
247000901    213.437896    52.027365    -22.257000    0.067243     0.526000     0.017500
247000946    213.547917    51.962740    -22.614600    0.272697     0.574000     0.028400
247001010    213.589697    51.934999    -22.523300    0.026132     0.288000     0.003850
247001027    213.491187    52.001864    -22.517300    0.163571     0.546000     0.009450
247001035    213.308881    52.111418    -22.001600    0.050995     0.356000     0.002000
247001047    213.688804    51.876110    -22.843600    0.026368     0.276000     0.001900
247001055    213.595190    51.935074    -22.737900    0.029380     0.290000     0.001900
247001102    213.307659    52.114594    -22.705500    0.045107     0.366000     0.001650
247001104    213.286861    52.121545    -22.107900    0.050106     0.282000     0.001100
247001204    213.544820    51.978695    -22.292800    0.188046     0.510000     0.081450
247001239    213.536468    51.985275    -22.312000    0.449289     0.488000     0.070800
247001478    213.726214    51.879526    -22.087100    0.040093     0.280000     0.002650
247001523    213.749299    51.863609    -22.598600    0.026456     0.276000     0.000750
247001570    213.387301    52.092061    -22.576600    0.253099     0.526000     0.013850
247001628    213.751318    51.868993    -22.032600    0.030503     0.272000     0.005100
247001695    213.636461    51.944940    -22.126700    0.031122     0.298000     0.003850
247001775    213.508244    52.030461    -22.286400    0.233592     0.502000     0.026700
247001791    213.446135    52.066785    -22.054500    0.129390     0.368000     0.009500
247001795    213.498136    52.037998    -22.606600    0.586086     0.594000     0.075600
247001922    213.444034    52.070521    -23.024400    0.072870     0.362000     0.055100
247002002    213.443568    52.082149    -22.277100    0.203828     0.482000     0.013050
247002020    213.767817    51.885082    -22.307000    0.103733     0.418000     0.005850
247002040    213.543357    52.025271    -22.235300    0.464714     0.492000     0.126800
247002128    213.596694    51.996214    -22.685600    0.108140     0.524000     0.012600
247002191    213.621586    51.982320    -22.157300    0.160134     0.550000     0.060250
247002199    213.780099    51.884748    -22.193200    0.096277     0.406000     0.012300
247002220    213.527719    52.042377    -22.104800    0.246741     0.458000     0.005950
247002250    213.550575    52.027799    -22.193200    0.254501     0.560000     0.039950
247002336    213.363856    52.146816    -22.077100    0.377066     0.502000     0.086450
247002338    213.254299    52.210927    -23.890500    0.382459     0.470000     0.008650
247002378    213.462723    52.088931    -22.081000    0.489260     0.458000     0.024900
247002434    213.308211    52.185167    -22.293600    0.129376     0.564000     0.023650
247002472    213.325262    52.175403    -22.398600    0.152132     0.358000     0.001800
247002489    213.531235    52.048855    -22.358300    0.145827     0.382000     0.020300
247002517    213.409171    52.127369    -23.403500    0.115596     0.552000     0.032200
247002595    213.595298    52.016183    -22.044200    0.028542     0.284000     0.007300
247002741    213.395162    52.146244    -23.267600    0.059651     0.472000     0.007200
247002761    213.771573    51.921875    -22.271800    0.376411     0.530000     0.031050
247002832    213.696006    51.965582    -22.662900    0.026182     0.288000     0.002950
247002853    213.716891    51.956988    -23.357100    0.065788     0.494000     0.007550
247002871    213.351116    52.178731    -22.593200    0.043472     0.356000     0.007450
247002914    213.730929    51.953838    -22.298300    0.275978     0.586000     0.046300
247002964    213.794050    51.910165    -23.103200    0.024066     0.282000     0.004300
247003053    213.475455    52.115282    -22.332300    0.102555     0.518000     0.003000
247003093    213.823382    51.907102    -22.414200    0.240707     0.544000     0.017100
247003191    213.325956    52.213731    -22.618800    0.440925     0.534000     0.084400
247003253    213.776357    51.939480    -22.137800    0.035011     0.276000     0.002750
247003255    213.789280    51.926644    -22.326300    0.036534     0.296000     0.001200
247003362    213.502220    52.114724    -22.318200    0.105696     0.512000     0.011550
247003418    213.313369    52.230988    -22.761100    0.064340     0.482000     0.007400
247003451    213.353212    52.209661    -22.130500    0.081113     0.412000     0.005250
247003487    213.659882    52.022799    -23.093700    0.058415     0.422000     0.004650
247003503    213.340270    52.218406    -22.442700    0.078726     0.452000     0.006350
247003535    213.736541    51.981418    -22.402400    0.244587     0.568000     0.056150
247003624    213.553941    52.094934    -22.588000    0.062124     0.376000     0.003450
247003690    213.837347    51.924933    -22.076700    0.028332     0.280000     0.003750
247003700    213.637409    52.050047    -22.121400    0.254442     0.500000     0.010150
247003708    213.515283    52.124577    -22.026800    0.134618     0.496000     0.025650
247003717    213.589343    52.079121    -22.529200    0.212347     0.488000     0.006700
247003928    213.800372    51.958368    -22.688700    0.048542     0.422000     0.004350
247003942    213.383178    52.214902    -22.132500    0.083349     0.488000     0.007450
247003993    213.476966    52.158612    -23.165800    0.055864     0.426000     0.008700
247004016    213.535574    52.126788    -22.946600    0.109670     0.510000     0.006450
247004019    213.471830    52.165671    -22.107000    0.062700     0.362000     0.008750
247004073    213.473739    52.161556    -23.155900    0.036505     0.364000     0.003100
247004088    213.532349    52.131270    -22.249800    0.234867     0.572000     0.045900
247004115    213.532553    52.125653    -22.349600    0.135649     0.410000     0.052200
247004136    213.483531    52.162112    -23.173100    0.066675     0.408000     0.005450
247004157    213.497569    52.153342    -22.167000    0.033028     0.280000     0.006950
247004192    213.413362    52.210186    -22.085300    0.345029     0.514000     0.030150
247004227    213.618586    52.087140    -22.018600    0.377070     0.566000     0.006700
247004237    213.521030    52.147107    -22.087000    0.585425     0.296000     0.435650
247004245    213.370930    52.237996    -22.360700    0.367124     0.532000     0.106950
247004261    213.406003    52.217666    -22.868900    0.106973     0.596000     0.010550
247004297    213.363741    52.244976    -22.133600    0.145321     0.478000     0.009400
247004334    213.434104    52.196754    -22.989800    0.124363     0.484000     0.009950
247004339    213.456658    52.185536    -22.682300    0.030336     0.282000     0.003800
247004352    213.860386    51.945704    -22.490400    0.109493     0.472000     0.008450
247004372    213.451407    52.195671    -22.521600    0.063231     0.464000     0.014150
247004434    213.872324    51.942036    -22.331500    0.165301     0.522000     0.008850
247004685    213.668735    52.076953    -22.124300    0.030451     0.298000     0.006600
247004691    213.796277    51.994708    -22.870600    0.027534     0.288000     0.000550
247004710    213.861634    51.962123    -22.179100    0.128425     0.534000     0.019900
247004732    213.510768    52.174355    -22.254000    0.106340     0.490000     0.007000
247004925    213.672245    52.081842    -22.978000    0.021545     0.300000     0.002150
247005120    213.867931    51.977998    -22.034100    0.172703     0.456000     0.025450
247005122    213.918291    51.942946    -22.409000    0.017962     0.238000     0.001950
247005165    213.866894    51.979394    -22.428900    0.110478     0.428000     0.014050
247005239    213.452220    52.237549    -22.497400    0.103607     0.554000     0.004150
247005256    213.473119    52.225616    -22.350300    0.174695     0.488000     0.028150
247005319    213.577125    52.164262    -22.094700    0.138945     0.492000     0.109350
247005335    213.412371    52.265588    -22.490000    0.156708     0.566000     0.038750
247005372    213.848534    52.000956    -22.093600    0.070490     0.328000     0.008300
247005408    213.754684    52.059095    -22.860200    0.039191     0.424000     0.003750
247005455    213.413955    52.269858    -22.675900    0.263888     0.580000     0.023900
247005513    213.453905    52.248686    -22.088300    0.279002     0.524000     0.018050
247005520    213.483061    52.229310    -22.993300    0.081011     0.468000     0.008550
247005608    213.423779    52.271415    -22.342000    0.315904     0.460000     0.015000
247005769    213.885858    51.996149    -22.157000    0.102191     0.458000     0.008350
247005782    213.497528    52.231740    -22.559100    0.102962     0.540000     0.033350
247005823    213.420447    52.282433    -22.006400    0.150215     0.404000     0.006450
247005971    213.734724    52.286613    -22.083800    0.060697     0.482000     0.005200
247005972    213.862920    52.208500    -22.182400    0.190009     0.544000     0.010000
247005978    213.590481    52.373673    -22.218800    0.277923     0.556000     0.062250
247005987    213.825063    52.230972    -22.254500    0.292904     0.526000     0.087100
247005997    213.880539    52.195985    -22.900200    0.091096     0.432000     0.006150
247006027    213.871327    52.199960    -22.262400    0.144275     0.488000     0.022900
247006160    213.724109    52.285087    -22.076700    0.117161     0.472000     0.002500
247006164    213.884045    52.186520    -22.328600    0.069602     0.442000     0.028100
247006178    214.095217    52.062976    -22.627000    0.286488     0.578000     0.022900
247006247    213.977043    52.125033    -22.352800    0.092292     0.494000     0.010350
247006273    213.777919    52.245809    -22.063100    0.346472     0.564000     0.131250
247006308    213.966598    52.128663    -22.465900    0.105348     0.506000     0.014600
247006361    213.959293    52.129687    -22.273700    0.104357     0.594000     0.010300
247006431    213.533052    52.385106    -22.118400    0.360077     0.570000     0.071900
247006466    213.894522    52.164440    -22.157000    0.408927     0.362000     0.003950
247006478    213.549409    52.379901    -22.298300    0.033269     0.290000     0.005200
247006563    213.548448    52.368377    -23.016000    0.031132     0.294000     0.002200
247006665    213.911909    52.143765    -22.516200    0.071447     0.424000     0.004700
247006804    213.928504    52.125285    -22.406400    0.097733     0.478000     0.007350
247006891    213.658115    52.285468    -22.699600    0.104106     0.528000     0.003200
247006905    213.544148    52.352877    -22.441200    0.025592     0.298000     0.003300
247006916    213.886064    52.145608    -23.152900    0.165813     0.518000     0.065950
247007055    213.664170    52.272694    -22.090200    0.315056     0.548000     0.046200
247007072    213.924281    52.113043    -23.117800    0.188122     0.568000     0.014400
247007166    213.974804    52.122223    -22.735500    0.137297     0.512000     0.013650
247007274    213.794450    52.182558    -22.640200    0.148764     0.566000     0.004650
247007284    213.889848    52.123343    -22.221700    0.116570     0.508000     0.011400
247007285    213.786062    52.186918    -22.342300    0.130867     0.518000     0.001050
247007286    213.587355    52.307629    -22.943500    0.044585     0.376000     0.003400
247007340    213.947591    52.085441    -22.244400    0.025497     0.258000     0.002000
247007441    213.875632    52.125817    -22.223600    0.348137     0.494000     0.034600
247007520    213.801238    52.167354    -22.007900    0.110114     0.536000     0.040700
247007558    213.720462    52.213586    -22.301000    0.033911     0.296000     0.006700
247007573    213.712419    52.218054    -22.536100    0.078794     0.468000     0.008800
247007662    213.817413    52.148952    -22.121000    0.209104     0.568000     0.023450
247007678    213.906411    52.093618    -22.383400    0.213053     0.584000     0.021400
247007703    213.592444    52.283977    -22.155300    0.339678     0.506000     0.017700
247007707    213.500937    52.339064    -22.642600    0.101260     0.552000     0.007450
247007775    213.787851    52.161241    -22.150100    0.049800     0.378000     0.003550
247007791    213.811908    52.145756    -23.776300    0.058184     0.574000     0.005650
247007818    213.817933    52.141402    -22.428500    0.371636     0.574000     0.023450
247007862    213.828735    52.132068    -23.619800    0.043986     0.510000     0.003200
247007886    213.572442    52.287236    -22.693000    0.043273     0.466000     0.004900
247007944    213.869874    52.102968    -22.295600    0.139491     0.516000     0.011850
247007955    213.878567    52.096917    -22.018000    0.166183     0.478000     0.012050
247008015    213.634128    52.249174    -23.242700    0.060932     0.524000     0.008350
247008113    213.922227    52.062012    -22.702600    0.035359     0.420000     0.005850
247008151    214.009209    52.020350    -22.309200    0.411711     0.498000     0.047750
247008166    213.916063    52.064263    -22.094000    0.094008     0.518000     0.051550
247008180    213.774595    52.153985    -22.093000    0.106696     0.530000     0.012400
247008201    213.996400    52.012511    -22.105800    0.020461     0.216000     0.000350
247008333    213.681925    52.200938    -22.516000    0.092532     0.514000     0.008600
247008441    213.499478    52.306977    -22.103800    0.381590     0.468000     0.009450
247008505    213.847724    52.092409    -22.502700    0.100114     0.482000     0.006650
247008534    213.840593    52.095442    -22.421300    0.325264     0.552000     0.019800
247008539    213.908014    52.053931    -22.399400    0.073869     0.422000     0.021450
247008709    213.550749    52.262978    -22.359600    0.016762     0.230000     0.004800
247008785    213.925132    52.030144    -23.491000    0.029726     0.278000     0.000700
247008851    213.505121    52.288372    -23.222900    0.050792     0.460000     0.006100
247008930    213.879760    52.055219    -22.259300    0.066766     0.446000     0.005000
247008953    213.774150    52.117672    -22.855300    0.083031     0.564000     0.014600
247008970    213.590699    52.229096    -22.304100    0.215169     0.570000     0.112250
247008976    213.681869    52.173203    -22.723200    0.175337     0.576000     0.006850
247008980    213.475731    52.306386    -22.306500    0.403813     0.492000     0.157900
247009049    213.686284    52.167384    -23.150000    0.076699     0.486000     0.011550
247009130    213.928983    52.015051    -22.270800    0.162538     0.564000     0.005450
247009138    213.751148    52.123302    -22.606600    0.063850     0.480000     0.004250
247009139    213.969115    51.989363    -23.510800    0.116483     0.506000     0.003750
247009140    213.692621    52.158215    -23.167600    0.028847     0.362000     0.005450
247009224    213.672659    52.167000    -22.185900    0.175447     0.544000     0.025600
247009241    213.976220    51.980146    -22.555400    0.084760     0.466000     0.007800
247009250    213.948877    51.996699    -22.711400    0.117665     0.510000     0.012450
247009251    213.884642    52.037809    -22.245900    0.245646     0.548000     0.018300
247009305    213.423535    52.313623    -22.608400    0.050839     0.364000     0.002950
247009319    213.734253    52.123852    -22.716100    0.089602     0.482000     0.006650
247009327    213.429503    52.308124    -22.002000    0.216147     0.598000     0.055300
247009360    213.673127    52.158975    -22.261000    0.151480     0.464000     0.044700
247009470    213.569228    52.215955    -23.705500    0.056564     0.458000     0.002300
247009508    213.494066    52.260957    -22.385400    0.038677     0.392000     0.009350
247009520    213.660953    52.159715    -22.128600    0.102818     0.470000     0.004200
247009522    213.903603    52.010082    -22.592800    0.026287     0.280000     0.002650
247009593    213.575001    52.208058    -22.412900    0.402983     0.576000     0.024000
247009625    213.559008    52.216524    -22.136000    0.139321     0.562000     0.003800
247009647    213.488480    52.258216    -22.715300    0.047622     0.382000     0.004600
247009672    213.522395    52.236668    -22.661400    0.367163     0.300000     0.016600
247009718    213.483206    52.257786    -22.172300    0.112913     0.400000     0.016550
247009788    213.706675    52.119604    -22.699400    0.082256     0.516000     0.011300
247009885    213.640266    52.154494    -22.818700    0.134434     0.466000     0.011900
247010099    213.940616    52.421811    -22.159600    0.171225     0.456000     0.066700
247010155    213.450019    52.273851    -24.067000    0.107648     0.594000     0.002500
247010288    214.091024    52.248429    -22.535700    0.222717     0.576000     0.033350
247010575    214.295653    52.184382    -22.077900    0.385474     0.592000     0.052750
247010728    213.876950    52.435067    -23.027100    0.616096     0.542000     0.393550
247011264    214.047797    52.305884    -22.731700    0.118641     0.508000     0.027600
247011415    214.229882    52.185568    -22.207600    0.040929     0.298000     0.004800
247011647    214.143609    52.229948    -22.289600    0.117837     0.538000     0.007450
247011670    213.887401    52.386371    -22.375900    0.118292     0.472000     0.010350
247011694    214.167953    52.211149    -22.413800    0.074408     0.388000     0.004000
247011720    213.867080    52.394681    -22.243100    0.188161     0.572000     0.016250
247011807    214.176754    52.203267    -22.087300    0.093008     0.572000     0.017800
247011932    214.105366    52.246263    -22.053400    0.055162     0.366000     0.010150
247011967    214.044164    52.272706    -22.873300    0.056238     0.422000     0.004600
247011976    214.134022    52.218574    -22.038600    0.289721     0.540000     0.014050
247011994    213.786194    52.429274    -23.065500    0.070446     0.552000     0.009400
247012017    214.182840    52.186340    -22.146100    0.122514     0.428000     0.011100
247012023    213.759659    52.445068    -22.018700    0.152724     0.524000     0.017500
247012031    214.011453    52.291758    -22.460800    0.450289     0.592000     0.126550
247012066    213.706154    52.475947    -22.828800    0.213158     0.532000     0.011950
247012075    213.711317    52.472588    -22.544900    0.126393     0.528000     0.013650
247012191    214.192922    52.172690    -22.474300    0.029323     0.278000     0.002850
247012201    213.939085    52.328906    -22.213900    0.249936     0.452000     0.013050
247012226    214.170516    52.185670    -22.294100    0.098188     0.584000     0.016700
247012265    213.738326    52.447706    -23.646600    0.091319     0.536000     0.008900
247012329    213.735599    52.440472    -22.556900    0.062725     0.302000     0.011300
247012337    214.143992    52.198185    -22.722500    0.376522     0.588000     0.015300
247012341    213.922375    52.333670    -22.794500    0.083024     0.510000     0.005300
247012378    214.084951    52.230324    -23.474400    0.035824     0.366000     0.004500
247012408    214.072130    52.239388    -22.074200    0.361314     0.572000     0.087350
247012583    214.200834    52.150234    -22.249400    0.477651     0.566000     0.007550
247012797    214.097669    52.204520    -22.026900    0.195693     0.426000     0.078200
247012887    214.106314    52.195135    -22.217500    0.418307     0.502000     0.040550
247012914    213.915996    52.310768    -22.480900    0.160718     0.526000     0.005950
247012921    213.741742    52.411083    -22.390000    0.085281     0.460000     0.014050
247013051    214.081568    52.200982    -22.791900    0.074125     0.514000     0.005600
247013055    214.063830    52.209227    -22.031300    0.148327     0.488000     0.012250
247013093    213.938222    52.287794    -22.359800    0.092745     0.462000     0.012050
247013111    213.817618    52.362039    -22.438500    0.298289     0.584000     0.065550
247013148    213.739455    52.406327    -22.102300    0.067940     0.400000     0.010600
247013171    213.666970    52.451407    -22.146400    0.148705     0.522000     0.012600
247013244    213.757705    52.394378    -22.249700    0.217359     0.526000     0.020250
247013290    214.161749    52.142436    -22.189500    0.147340     0.490000     0.016950
247013304    213.727519    52.382589    -22.375000    0.221754     0.528000     0.013050
247013306    213.706461    52.425644    -22.082000    0.423958     0.534000     0.061750
247013374    214.027832    52.220682    -22.124100    0.021050     0.276000     0.002000
247013399    213.877594    52.290097    -22.618000    0.097614     0.466000     0.004200
247013518    213.930772    52.275395    -22.365700    0.024045     0.250000     0.003550
247013523    213.705148    52.410887    -22.903000    0.050854     0.420000     0.006850
247013530    214.137521    52.149187    -22.560300    0.041462     0.336000     0.001100
247013627    213.870686    52.308609    -22.036800    0.383931     0.578000     0.075400
247013694    213.796899    52.350814    -22.228500    0.062723     0.422000     0.011000
247013766    214.168604    52.118598    -23.993000    0.072309     0.522000     0.006150
247013798    213.782074    52.354695    -22.313100    0.086010     0.478000     0.003800
247013802    213.735764    52.377246    -22.026300    0.037061     0.258000     0.010500
247013872    213.826359    52.325124    -23.035400    0.202562     0.578000     0.015150
247013936    213.830531    52.313350    -22.013000    0.147289     0.482000     0.018000
247013958    213.986662    52.218197    -22.704800    0.189397     0.512000     0.018550
247013963    213.978621    52.221899    -22.525200    0.145784     0.524000     0.018300
247014017    213.969956    52.229491    -22.282200    0.221416     0.598000     0.067500
247014117    213.640615    52.422506    -22.081200    0.338772     0.588000     0.036100
247014143    213.767214    52.348285    -22.053500    0.131332     0.474000     0.020300
247014349    214.043407    52.170166    -22.755400    0.058017     0.526000     0.009350
247014367    214.131670    52.113425    -22.642200    0.174604     0.590000     0.009800
247014390    214.150968    52.120720    -22.720100    0.085932     0.564000     0.009600
247014414    213.773199    52.343292    -22.211200    0.213808     0.468000     0.012650
247014422    213.647978    52.407383    -22.377900    0.115484     0.470000     0.051350
247014474    213.619171    52.423145    -23.015000    0.074630     0.420000     0.005950
247014483    213.589385    52.376773    -22.222500    0.067124     0.368000     0.008700
247014485    213.642123    52.408673    -22.372800    0.220407     0.494000     0.019800
247014575    214.050032    52.167262    -22.254100    0.316955     0.580000     0.012800
247014710    213.976207    52.196129    -22.386200    0.129346     0.466000     0.004500
247014729    213.777361    52.320138    -22.820200    0.104316     0.518000     0.005650
247014768    213.646623    52.396791    -22.379100    0.550993     0.510000     0.151650
247014880    213.649962    52.389421    -23.386600    0.044442     0.470000     0.005750
247014930    213.661704    52.379559    -22.065800    0.074919     0.344000     0.067950
247014989    214.105432    52.105779    -23.100000    0.018680     0.278000     0.001450
247015117    213.888310    52.235069    -22.032500    0.177218     0.536000     0.010350
247015143    214.057733    52.133144    -22.207600    0.319203     0.320000     0.009350
247015156    213.732017    52.326368    -22.942400    0.166109     0.472000     0.008750
247015242    213.951509    52.192295    -22.359800    0.117936     0.512000     0.030500
247015250    213.787120    52.291454    -23.350100    0.060631     0.458000     0.003700
247015274    213.712447    52.334938    -22.133900    0.142235     0.484000     0.012500
247015356    213.731661    52.318851    -22.216100    0.391646     0.532000     0.066300
247015369    213.712568    52.330911    -22.030700    0.274090     0.486000     0.118000
247015378    213.715619    52.327197    -22.481000    0.216282     0.498000     0.026250
247015381    213.700334    52.335537    -22.025800    0.038476     0.336000     0.003000
247015382    213.955683    52.180338    -22.428800    0.414275     0.434000     0.143150
247015403    213.825734    52.258159    -22.210600    0.085972     0.334000     0.009800
247015434    213.574658    52.411010    -22.557700    0.047100     0.260000     0.006450
247015510    213.951542    52.175897    -22.304400    0.115190     0.562000     0.012000
247015545    213.962657    52.167775    -22.141200    0.187008     0.592000     0.009450
247015561    214.072147    52.099701    -22.933300    0.147757     0.402000     0.030250
247015651    213.796233    52.263876    -22.332600    0.503680     0.442000     0.202700
247015737    213.901849    52.194707    -22.522300    0.078267     0.466000     0.011050
247015743    213.692353    52.322280    -22.278500    0.086112     0.382000     0.003900
247015784    213.861355    52.218825    -22.453300    0.059747     0.478000     0.011950
247015805    214.023236    52.118421    -22.486900    0.376921     0.590000     0.006700
247015812    214.112538    52.063296    -22.855700    0.372563     0.564000     0.254400
247015818    213.745938    52.287073    -22.824900    0.181778     0.512000     0.011100
247015854    214.043543    52.102893    -22.670300    0.026529     0.280000     0.002650
