224100084    213.819550    52.417502    -20.641900    0.314718     0.504000     0.007350
224100355    213.809639    52.434762    -23.100700    0.075398     0.508000     0.023450
224100369    213.978164    52.332905    -23.048700    0.193639     0.516000     0.011800
224100412    213.964541    52.343270    -23.050600    0.051778     0.448000     0.004000
224101196    214.213968    52.220933    -23.451500    0.041229     0.520000     0.006250
224101391    214.036858    52.333066    -23.081300    0.075153     0.534000     0.007250
224101906    214.248313    52.224224    -23.217400    0.170522     0.566000     0.012050
224101926    214.238203    52.229935    -23.883900    0.044668     0.530000     0.003100
224102188    213.897218    52.446982    -23.332000    0.134298     0.502000     0.003500
224102442    214.166735    52.293051    -23.770200    0.051763     0.534000     0.005550
224102448    214.078420    52.348417    -23.153600    0.090851     0.516000     0.006850
224102507    213.990529    52.401527    -23.226600    0.077723     0.512000     0.003950
224102665    213.926111    52.440348    -23.031700    0.024257     0.280000     0.001000
224102777    214.069998    52.362931    -23.072800    0.068103     0.488000     0.005450
224103135    213.941368    52.450128    -23.065900    0.091819     0.388000     0.003200
224103295    214.203952    52.293995    -23.416500    0.033640     0.364000     0.002000
224103481    214.027713    52.413805    -23.503100    0.150688     0.574000     0.008850
224104743    214.295516    52.290959    -23.192200    0.096785     0.518000     0.003300
224105194    214.183234    52.371962    -23.085000    0.068745     0.518000     0.009700
224105573    214.177550    52.390178    -23.161900    0.082184     0.512000     0.004900
224106176    213.994556    52.524244    -23.078900    0.209033     0.574000     0.006350
224106197    213.974826    52.532783    -24.124600    0.187482     0.598000     0.003350
224106541    214.259366    52.376737    -23.053400    0.132960     0.522000     0.009400
224106954    214.076332    52.495556    -24.059800    0.022539     0.356000     0.001000
224107123    214.060139    52.511755    -23.015400    0.024009     0.290000     0.001550
224107608    214.247892    52.406176    -23.481600    0.025909     0.280000     0.002150
224107939    214.394698    52.343863    -23.329900    0.070326     0.534000     0.005750
224108725    214.313718    52.425812    -23.255500    0.095194     0.532000     0.009050
224108979    214.287069    52.452558    -23.040700    0.166276     0.530000     0.006900
224109412    214.526835    52.316903    -23.809600    0.140911     0.440000     0.002400
224109796    214.340323    52.452675    -23.306200    0.062765     0.284000     0.000150
224110131    214.379876    52.443291    -23.362800    0.254555     0.530000     0.115550
224111994    214.555577    52.653495    -23.063100    0.074998     0.468000     0.008750
224112785    214.586728    52.603097    -23.662300    0.170226     0.572000     0.009150
224112912    214.279977    52.794446    -23.525800    0.324145     0.594000     0.017100
224113002    214.178071    52.596773    -23.884700    0.064829     0.544000     0.006750
224114558    214.463353    52.586450    -23.206100    0.015541     0.240000     0.001400
224115005    214.372502    52.637828    -23.920300    0.022335     0.356000     0.001500
224115409    214.566360    52.510156    -23.508400    0.080014     0.548000     0.004700
224115638    214.206382    52.719944    -23.222600    0.258942     0.524000     0.013600
224116216    214.354965    52.610136    -23.119100    0.372791     0.596000     0.030500
224116285    214.174344    52.715450    -23.037600    0.035976     0.400000     0.001450
224116557    214.396815    52.576501    -23.221700    0.126662     0.482000     0.004850
224116624    214.136814    52.729308    -23.071200    0.185367     0.580000     0.012300
224116682    214.595172    52.452447    -23.799800    0.020195     0.276000     0.000450
224116810    214.137548    52.720428    -23.008800    0.301053     0.562000     0.091900
224118250    214.438940    52.485762    -23.075500    0.123453     0.598000     0.016200
224120402    214.622564    52.662543    -23.776600    0.086240     0.570000     0.006000
224302059    214.646151    52.676020    -23.439200    0.113934     0.572000     0.009150
224302551    214.357633    52.864073    -23.516000    0.127847     0.510000     0.041350
224303849    214.931015    52.568370    -23.289000    0.017254     0.262000     0.001300
224304105    214.533231    52.823319    -23.236100    0.030287     0.356000     0.003300
224306221    214.970644    52.853018    -23.068500    0.057332     0.526000     0.004900
224307089    214.905608    52.847434    -23.170600    0.263565     0.550000     0.022050
224307270    214.696012    52.960974    -23.175800    0.042894     0.452000     0.004500
224307727    215.120451    52.680584    -23.190400    0.052326     0.450000     0.004300
224308362    214.558245    52.987893    -23.106400    0.026291     0.354000     0.001250
224308373    215.042225    52.697022    -23.165200    0.104530     0.552000     0.015100
224308653    215.003244    52.707390    -23.281100    0.077554     0.550000     0.010250
224308824    214.782632    52.831057    -23.248500    0.024711     0.396000     0.007250
224309609    214.979556    52.669960    -23.207400    0.086441     0.504000     0.005050
224310550    215.236209    52.953791    -23.175600    0.074018     0.576000     0.010200
224310627    215.196946    52.971673    -23.858200    0.275977     0.572000     0.106450
224311479    215.139128    52.966890    -23.625400    0.070053     0.576000     0.011250
224311781    215.326511    52.839564    -23.185000    0.037520     0.458000     0.006850
224312376    214.770327    53.152550    -23.394900    0.249929     0.574000     0.039350
224312706    214.918687    53.035387    -23.111600    0.120130     0.580000     0.016000
224313541    214.985005    52.972386    -23.043600    0.066683     0.552000     0.023100
224313557    214.915976    53.012368    -23.127000    0.064529     0.418000     0.002350
224314422    215.112858    52.856659    -23.044500    0.075054     0.468000     0.004650
224314790    214.967466    52.926286    -23.257500    0.126121     0.470000     0.008150
224315412    215.151837    52.785185    -23.277200    0.140110     0.542000     0.003650
240600359    215.313016    52.860500    -23.586700    0.038457     0.380000     0.002550
240601572    215.180427    52.995985    -23.206400    0.027481     0.350000     0.004050
240602468    214.897252    53.206042    -23.017000    0.356663     0.540000     0.046050
240604590    215.250325    53.093224    -23.585700    0.032369     0.434000     0.002750
240605516    215.170599    53.183562    -23.066500    0.035459     0.346000     0.003950
240606425    215.189003    53.218163    -23.072900    0.055027     0.368000     0.002350
240606788    215.502507    53.190457    -23.621700    0.046788     0.572000     0.002350
240608721    215.648444    53.010088    -23.330500    0.051135     0.426000     0.005200
240609065    215.329574    53.185895    -23.295100    0.061263     0.558000     0.009750
240609671    215.437004    53.089612    -23.152300    0.100586     0.576000     0.007650
240609949    215.614573    53.138831    -23.146400    0.039928     0.468000     0.002750
240610560    215.754338    53.311036    -23.045400    0.244084     0.590000     0.020950
240610623    215.905193    53.214439    -24.996600    0.006198     0.244000     0.000050
240612516    215.862203    53.161430    -23.157500    0.054363     0.566000     0.008650
240612909    215.777515    53.201359    -23.603300    0.020916     0.418000     0.003900
240613215    215.840692    53.144494    -23.519100    0.041703     0.570000     0.009800
240614616    215.727812    53.127819    -23.220000    0.142942     0.514000     0.044600
240614648    215.571598    53.240770    -23.046200    0.025462     0.304000     0.000950
240615003    215.809206    53.087118    -23.190900    0.047133     0.468000     0.004800
240615603    215.650467    53.156423    -25.191500    0.031368     0.512000     0.000500
240615682    215.613282    53.175907    -23.125500    0.064533     0.562000     0.005300
240616275    215.256891    53.361493    -23.322000    0.083816     0.574000     0.011800
240616365    215.302462    53.330119    -23.204500    0.083556     0.550000     0.013650
247000609    213.534143    51.954866    -23.109000    0.207700     0.564000     0.024450
247000684    213.275603    52.115239    -23.302900    0.468914     0.594000     0.258500
247001922    213.444034    52.070521    -23.024400    0.072870     0.362000     0.055100
247002338    213.254299    52.210927    -23.890500    0.382459     0.470000     0.008650
247002517    213.409171    52.127369    -23.403500    0.115596     0.552000     0.032200
247002741    213.395162    52.146244    -23.267600    0.059651     0.472000     0.007200
247002853    213.716891    51.956988    -23.357100    0.065788     0.494000     0.007550
247002964    213.794050    51.910165    -23.103200    0.024066     0.282000     0.004300
247003487    213.659882    52.022799    -23.093700    0.058415     0.422000     0.004650
247003993    213.476966    52.158612    -23.165800    0.055864     0.426000     0.008700
247004073    213.473739    52.161556    -23.155900    0.036505     0.364000     0.003100
247004136    213.483531    52.162112    -23.173100    0.066675     0.408000     0.005450
247006563    213.548448    52.368377    -23.016000    0.031132     0.294000     0.002200
247006916    213.886064    52.145608    -23.152900    0.165813     0.518000     0.065950
247007072    213.924281    52.113043    -23.117800    0.188122     0.568000     0.014400
247007791    213.811908    52.145756    -23.776300    0.058184     0.574000     0.005650
247007862    213.828735    52.132068    -23.619800    0.043986     0.510000     0.003200
247008015    213.634128    52.249174    -23.242700    0.060932     0.524000     0.008350
247008785    213.925132    52.030144    -23.491000    0.029726     0.278000     0.000700
247008851    213.505121    52.288372    -23.222900    0.050792     0.460000     0.006100
247009049    213.686284    52.167384    -23.150000    0.076699     0.486000     0.011550
247009139    213.969115    51.989363    -23.510800    0.116483     0.506000     0.003750
247009140    213.692621    52.158215    -23.167600    0.028847     0.362000     0.005450
247009470    213.569228    52.215955    -23.705500    0.056564     0.458000     0.002300
247010155    213.450019    52.273851    -24.067000    0.107648     0.594000     0.002500
247010728    213.876950    52.435067    -23.027100    0.616096     0.542000     0.393550
247011994    213.786194    52.429274    -23.065500    0.070446     0.552000     0.009400
247012265    213.738326    52.447706    -23.646600    0.091319     0.536000     0.008900
247012378    214.084951    52.230324    -23.474400    0.035824     0.366000     0.004500
247013766    214.168604    52.118598    -23.993000    0.072309     0.522000     0.006150
247013872    213.826359    52.325124    -23.035400    0.202562     0.578000     0.015150
247014474    213.619171    52.423145    -23.015000    0.074630     0.420000     0.005950
247014880    213.649962    52.389421    -23.386600    0.044442     0.470000     0.005750
247014989    214.105432    52.105779    -23.100000    0.018680     0.278000     0.001450
247015250    213.787120    52.291454    -23.350100    0.060631     0.458000     0.003700
