4.622544640814901283e-35
2.622972700213088702e-06
3.136482338888582186e-07
2.911820357862383893e-07
1.028540648770247920e-07
7.844046935961003498e-08
4.229353974684685312e-08
5.142192639145424341e-08
3.013775869697145598e-08
3.197691328117846094e-08
5.134802978104365793e-08
3.061143425364055644e-08
3.029860128844640359e-08
1.830260659190156978e-08
2.212298594008297163e-08
3.261294436874838630e-08
3.409760639782781603e-08
2.641519213481778427e-08
2.869331019193231279e-08
2.276552676535238683e-08
1.730582249261894257e-08
2.409332669817599660e-08
2.780329514220738440e-08
1.869236763665388927e-08
3.460659719059030844e-08
2.099917520369986761e-08
1.863442499196423461e-08
1.674744943077778785e-08
1.550240399773593902e-08
2.174580163027798473e-08
2.345886040212876617e-08
2.268007565073302800e-08
2.121414260525649758e-08
2.016150869058348116e-08
2.151143268889063398e-08
1.539286040412727335e-08
2.472634759897518028e-08
2.110857304169192136e-08
1.901755274956486081e-08
2.577741819337323519e-08
2.534400688234983421e-08
1.873106385562347038e-08
1.788231094655183469e-08
1.565308002255986258e-08
1.413285637130614889e-08
1.450692953683617197e-08
1.712398159222746597e-08
1.896651287568639135e-08
1.933345983924034592e-08
1.439342079679698499e-08
1.866554082664714273e-08
1.845647197471340784e-08
1.530676223586366250e-08
1.624482952126131557e-08
1.644179517674849907e-08
1.631695119066356689e-08
2.089820803981529957e-08
1.338103075928770954e-08
1.878698213497559578e-08
2.121227791598094335e-08
2.020895923029766979e-08
1.671715964865511567e-08
1.412135611408355118e-08
1.313772580822729408e-08
1.344409321423967709e-08
1.476282321976390526e-08
1.380721231237218906e-08
1.569639077176321295e-08
1.744364081338622932e-08
1.783335894087953904e-08
2.106455653427233901e-08
1.860137386585811427e-08
1.840806179721073537e-08
2.011463823314388532e-08
1.616513620201102155e-08
1.651450711154529666e-08
1.662068421248580065e-08
1.856343021491506602e-08
1.331531252507050513e-08
1.695568782687670234e-08
1.599287217030045263e-08
1.572359048062487162e-08
1.572502796164757156e-08
1.642694882213244715e-08
1.620520826168122580e-08
1.489234713712755850e-08
1.143081854849931816e-08
1.438051097186884087e-08
1.603775899701548969e-08
1.332679704838296760e-08
1.426534632913315913e-08
1.482036226119751767e-08
1.592150134919658025e-08
1.386696467253352867e-08
1.380942322341645811e-08
1.552616172620029057e-08
1.350778911829285261e-08
1.869966931357441517e-08
1.765343385673204860e-08
1.752776899265099889e-08
1.304784349051705440e-08
1.410908892717419109e-08
1.430968261851626612e-08
