3.980666004692053189e-36
1.342092881977041220e-06
3.141222810926724708e-07
5.013797878198544412e-08
4.165495281202803621e-08
1.916151358073407374e-08
9.499896628844468724e-09
7.681388116972393623e-09
1.397430879141990111e-08
1.080328712258685787e-08
8.094864655422798955e-09
3.561134010881154935e-09
6.684426219346898264e-09
8.766190404700349630e-09
5.815618405549951497e-09
4.781232802197271815e-09
2.785830658654051131e-09
2.444113960878218081e-09
3.049926761637145192e-09
4.594954557122653257e-09
4.369153738537163001e-09
4.130925267823219360e-09
3.148278576804613383e-09
2.915861828408817986e-09
2.953116817566670108e-09
3.435344133592372032e-09
3.930625765224036240e-09
2.824954955352693371e-09
2.225706059890842749e-09
3.164418000645848458e-09
2.276492088335822486e-09
2.854255887101670925e-09
2.776659462690787387e-09
2.325729903940731825e-09
2.482249062317565829e-09
2.220164054334757243e-09
2.243615875823228841e-09
2.615220633531437217e-09
2.279780477116296419e-09
2.065377232871349483e-09
1.892117697283635202e-09
2.072270169808897345e-09
2.261002643254035185e-09
2.057235752357045066e-09
1.761352209883115496e-09
1.439195794695147276e-09
1.611423352973647339e-09
1.973635641253282270e-09
1.758941852476519091e-09
2.184602902380398926e-09
1.500576751960555571e-09
1.647160016756635585e-09
1.670325753928052893e-09
1.533096981987221597e-09
1.912397876154328764e-09
2.089059585703035209e-09
2.006280696076894981e-09
1.920083306283554344e-09
1.434226349589328394e-09
1.285227160872747802e-09
1.614971895283009219e-09
1.562433333259371301e-09
1.356580771652773866e-09
1.330543999536294410e-09
1.247636207815895061e-09
1.592927184258658165e-09
1.684622102213949910e-09
8.205521772980328477e-10
1.330567497057686835e-09
1.199598663964381270e-09
1.103348255829025124e-09
1.658870206579747118e-09
9.710878197073660520e-10
1.107594733240754546e-09
1.161194029639418076e-09
1.403066594877175286e-09
1.362273024283091273e-09
9.665060465842742798e-10
1.280720277031722451e-09
1.093616520550186984e-09
1.286850280929487514e-09
9.619651476312370455e-10
8.605791955931387211e-10
8.453439649078697413e-10
8.290735218180687235e-10
1.188258468095766328e-09
1.123367016357072367e-09
1.086615679810642336e-09
1.482403862607217455e-09
1.769108515087397015e-09
1.527009648547861662e-09
1.276551621368839034e-09
1.315809380146092253e-09
1.344283399733449818e-09
1.389225128032898730e-09
1.132386556157774628e-09
1.562745785527781087e-09
1.480125114206094785e-09
1.071220563662579109e-09
1.010221387121710743e-09
1.181598948899014964e-09
1.272903622633683115e-09
1.403869166086721904e-09
