4.484824426023456321e-40
4.398960540452837523e-06
3.525107551899228284e-06
7.742898705198921324e-07
9.843816547876328514e-07
6.288986114124971745e-07
1.087281909376619511e-06
5.569494583009409199e-07
4.757865537190747939e-07
6.367054631934429441e-07
6.023591728270913194e-07
5.564525263310864792e-07
8.091567314031110009e-07
5.957078657804864552e-07
7.875700591715668474e-07
5.417872200270487896e-07
5.537135697995766319e-07
6.663476855128049176e-07
4.452908464171845688e-07
4.461613645657872418e-07
3.185772809217830931e-07
4.796690728383489290e-07
5.239365606059685687e-07
5.831675477684136742e-07
5.910040796271437349e-07
3.796751654890179613e-07
4.251466933847231455e-07
2.832686887820390240e-07
3.442532260480263759e-07
3.229085193670475386e-07
4.767845179601482539e-07
3.038338423167107561e-07
5.233635072945591076e-07
3.717937943709547649e-07
4.179070527206860333e-07
2.992557392416040210e-07
2.081440086425490196e-07
3.519198646886427893e-07
3.003130297768165595e-07
3.516179510076859769e-07
4.155413856521225882e-07
3.648317184727489437e-07
2.682810731103297393e-07
2.567509554309798293e-07
3.879887938143959053e-07
3.846982960184787217e-07
3.458534934350500002e-07
2.703556255651354113e-07
2.354183693143676353e-07
3.079411157001602513e-07
3.700676332774227928e-07
3.192509359904639018e-07
3.066856798443262512e-07
2.812185275153200517e-07
3.605907388939855240e-07
3.363958858332609028e-07
3.569239908881249148e-07
3.747104273491338638e-07
4.991553528104664869e-07
3.683246482555707295e-07
4.244186135471555264e-07
3.950989181036122763e-07
3.279705520962471712e-07
3.443830506727596938e-07
3.202405223623218391e-07
4.680663032582106531e-07
4.279934289944430478e-07
4.196307657736279886e-07
3.047505727670966311e-07
2.894637254632521247e-07
2.872007074439905317e-07
3.516408830451419503e-07
3.215730667856612725e-07
3.623563225602172374e-07
3.676525539021318414e-07
3.539212735460575714e-07
4.144375002793690233e-07
3.588841614349146265e-07
3.002446238664203487e-07
3.013589546163150532e-07
2.533822137811332451e-07
2.802245114332919842e-07
3.561376361320147027e-07
3.294113208788573054e-07
3.127789803973811973e-07
3.635763507384379484e-07
3.642678414784056599e-07
3.061722666359534575e-07
2.485173895794425431e-07
3.567070278146925787e-07
3.301029234274347818e-07
3.190245658390977275e-07
4.287469017732873530e-07
3.535963339080087073e-07
3.577453757477928618e-07
3.010221685340191820e-07
2.965341534791439854e-07
2.799221969018164506e-07
2.455585390820586766e-07
3.104104012380111333e-07
3.641775719472493320e-07
4.044107360210576387e-07
3.232033612826267819e-07
