7.446577696146384113e-40
1.174689985174979792e-06
8.960525203204809665e-07
2.068893615154639447e-06
1.000261926430181283e-06
6.995174254829799165e-07
6.088966194557191017e-07
1.166457398110942485e-06
3.944065707013541804e-07
4.350272519753026196e-07
2.115748502080808156e-07
4.255068666541173985e-07
2.403600467355968934e-07
2.572599907856356372e-07
2.678501786451203205e-07
3.161542115881779954e-07
2.682765334431076980e-07
2.660656610828765452e-07
1.418221885236137763e-07
1.901366037377526935e-07
1.799103230347815895e-07
2.454582779184195331e-07
1.577588903870631415e-07
1.316164486034026765e-07
1.605977441442711425e-07
2.020267359823027901e-07
1.902868817588383220e-07
1.434709832298618382e-07
1.464335446505936584e-07
2.113934153119022166e-07
1.543665964379741204e-07
2.275422408478840672e-07
1.572811512968036625e-07
1.410334712475977403e-07
1.662547488162279881e-07
1.831895893487114530e-07
1.656359929679263723e-07
1.446448798510211691e-07
1.151516121907097392e-07
1.465868094781406321e-07
1.712305314188379922e-07
1.986840964552853030e-07
1.304720395232619232e-07
1.045221642924971664e-07
1.451653501223943176e-07
1.555508986406663547e-07
1.587879619243402643e-07
1.375495349408075822e-07
1.115440222824601529e-07
1.352114673669138730e-07
1.109319115164046461e-07
8.650998356123962656e-08
9.483288150809013725e-08
1.207615047175718033e-07
1.439590116745460554e-07
1.236523956524670221e-07
1.039387571814355761e-07
9.453357663115301024e-08
1.171562956658574753e-07
8.692666569360766974e-08
1.099992537020393387e-07
1.209199764325854891e-07
1.101645877078813869e-07
1.068112039365337551e-07
8.226686115788212727e-08
1.074542677436672730e-07
1.081006906526674303e-07
1.030983212446789805e-07
1.005193513130537202e-07
1.408024388562714758e-07
9.615803542238254905e-08
9.691983229930675131e-08
1.122645282208786788e-07
7.884765668704629249e-08
1.128241336839108900e-07
1.102609021445952332e-07
1.153463688069243267e-07
1.496418487284709551e-07
8.978489420982077360e-08
1.047465287131185470e-07
1.096064560447508768e-07
9.682470976944631583e-08
9.714522177400751875e-08
9.344994958445739888e-08
1.206371539252835410e-07
1.226432073198022175e-07
1.003317682389379427e-07
1.121482612382534008e-07
7.414956192868870472e-08
9.900155861202945301e-08
1.166124964321035992e-07
1.115359223729790025e-07
1.158617403447431030e-07
1.051164229046295551e-07
1.147020955630437947e-07
9.816448873706371996e-08
1.072033459471631915e-07
7.469547678001805730e-08
1.127950496099254670e-07
8.650923276236040225e-08
1.037781138141518736e-07
8.707041247549390641e-08
1.001259998939262553e-07
