3.629794722747554749e-36
2.605459643758857784e-06
3.322353501981550291e-07
1.358420256919846162e-07
7.089600530748483813e-08
5.880626410354032353e-08
4.553193084569614186e-08
1.900876126111188031e-08
4.330688449436446135e-08
3.254113266694857022e-08
3.845421814960601452e-08
3.258090669094642292e-08
3.816997688522055017e-08
2.967461068371178408e-08
1.998643645745734301e-08
1.784105397072498104e-08
1.402287170508935581e-08
1.663412794302480496e-08
1.157569483181679176e-08
1.510373717356045523e-08
1.835419064314978532e-08
1.637931636828531520e-08
8.988576161300149097e-09
1.034477563454880856e-08
1.476218274228888961e-08
1.572339971318239818e-08
1.680937669388513794e-08
1.128171033645495637e-08
1.075563067360073447e-08
1.133466324255846610e-08
6.319496151198558607e-09
8.863507682716604788e-09
1.072605077750390098e-08
8.611198740746057327e-09
9.886553327753745234e-09
8.224482702892336013e-09
1.007469489861191937e-08
1.310804777093065908e-08
8.061160791874072296e-09
8.336187025568459836e-09
6.666323159043323649e-09
8.911666476476419591e-09
9.220631753472192751e-09
6.780093066903464814e-09
6.737938252425966736e-09
7.549432147415518760e-09
7.090619775124836026e-09
5.683753586066293803e-09
6.763227199413576465e-09
7.712130019208667336e-09
7.644010038667616891e-09
7.249181530301320778e-09
5.943799822911045976e-09
6.030595297974295468e-09
7.203516785549336028e-09
7.064037904088846508e-09
5.645465356269029512e-09
4.576180168006009110e-09
4.725439519386521604e-09
5.751169024934130990e-09
6.340062117428220675e-09
4.672922437088780167e-09
7.145848054282847861e-09
7.136528817099520631e-09
5.646732918933912856e-09
6.829812012422833596e-09
7.081986104265475800e-09
7.386989512008938848e-09
5.161567638492165368e-09
4.950536270774623912e-09
4.949116775448869325e-09
5.313994573931922038e-09
6.058356967816166772e-09
5.840457752060406009e-09
4.353207105702618722e-09
6.278693945942760547e-09
4.833688029271847585e-09
5.556998443207084514e-09
5.968536605333858183e-09
7.186559141955194759e-09
6.033490955573171056e-09
5.669637904554906469e-09
6.137086326467288144e-09
5.762553209002191620e-09
3.927619511707952414e-09
4.190641883224386854e-09
5.352955833475723107e-09
4.369596593215351332e-09
5.948170656852778142e-09
5.393408906447955956e-09
6.236722052987904357e-09
5.063566203972261662e-09
5.474313098689597478e-09
6.002134857571697545e-09
4.554682713836312005e-09
6.462161506691708771e-09
5.212184175967224951e-09
4.952328681506274712e-09
3.939588498189556801e-09
5.581781319699784122e-09
5.528902175986609827e-09
4.649740261056600017e-09
6.764898894757841031e-09
